====================================
6.18625,5.96531,5.57867,5.52344,5.41297,5.35773,4.97109,5.1368,4.97109,5.3025,4.86062,4.80539,4.97109,4.86062,4.75016,4.86062,5.02633,4.97109,4.86062,4.80539,4.75016,4.97109,4.86062,4.75016,4.80539
10.2184,9.83172,10.0527,9.44508,9.55555,9.27938,9.22414,9.11367,8.78227,9.11367,9.11367,9.16891,9.11367,9.11367,9.22414,9.16891,9.11367,9.11367,9.11367,9.05844,9.16891,9.11367,9.0032,9.27938,9.22414
12.262,11.1573,11.4888,11.323,11.9306,11.1021,10.3288,10.605,11.0469,10.4945,10.8259,10.1631,9.77648,10.4945,10.8812,10.2184,9.94219,10.4393,10.1631,10.1631,11.0469,10.605,9.61078,10.4393,10.9364
9.61078,9.83172,9.05844,9.83172,9.05844,9.22414,9.05844,8.78227,9.0032,8.94797,9.22414,8.56133,8.94797,8.94797,8.94797,8.89273,9.44508,9.16891,9.72125,8.94797,9.27938,9.11367,9.11367,8.94797,9.38984
11.8754,11.2678,11.1021,10.605,11.323,10.9364,10.8812,11.544,10.605,11.544,10.8812,10.605,10.2184,12.0411,10.8259,10.5498,10.9364,10.4945,11.323,10.9364,10.4945,11.2678,10.5498,10.4393,10.4393
23.1984,22.8118,21.8728,21.7071,21.5414,21.1548,20.8234,20.5472,20.271,19.9948,19.8291,20.2158,19.2768,19.553,19.7739,19.9396,19.553,19.3873,19.4977,19.6082,19.6082,19.6082,19.6082,19.6082,19.332
7.89852,8.17469,7.51188,8.17469,8.00898,7.62234,6.46242,6.73859,6.84906,6.62813,6.46242,5.96531,6.46242,6.18625,6.18625,6.46242,6.18625,7.2357,6.46242,6.35195,6.35195,6.46242,6.46242,6.46242,6.46242
17.0674,16.5703,16.5151,15.1342,14.858,14.9685,14.2505,13.7534,14.7476,13.7534,13.7534,12.9801,12.8144,13.2563,13.3115,13.0353,12.3725,13.7534,13.3667,13.5324,13.1458,13.0353,12.9801,13.8086,13.2563
单个夹臂电流均值 = 5.09261,9.26833,10.6978,9.16228,11.2987,20.3329,7.58858,14.2617
单个夹臂电流面积 = 4.87278,8.87948,10.2338,8.78227,10.5012,19.4823,6.52208,13.3943
总电流均值 = 10.9629
总面积均值 = 10.3335
采样频率 = 48.7608
预估重量 = -1.76078吨
采样时长 = 0.512707
====================================
5.96531,5.79961,5.19203,5.35773,5.19203,5.02633,4.58445,5.1368,4.80539,4.80539,4.86062,4.58445,4.58445,4.41875,4.63969,4.41875,4.63969,4.63969,4.63969,4.63969,4.69492,4.69492,4.63969,4.69492,4.41875
11.1021,10.4945,10.2184,10.0527,9.88695,9.77648,10.2736,9.61078,9.72125,10.1079,9.72125,9.72125,9.72125,9.72125,9.72125,9.72125,9.72125,9.77648,9.77648,9.72125,9.72125,9.72125,9.72125,9.72125,9.72125
11.323,10.7155,10.3841,11.2678,10.9364,10.6602,10.1631,9.72125,9.99742,10.2184,9.55555,9.83172,9.38984,9.22414,8.61656,9.94219,9.61078,9.66602,9.0032,9.44508,8.94797,9.27938,9.50031,9.38984,9.22414
10.9916,11.1573,10.4945,10.4945,10.3841,10.7707,10.2184,10.2184,10.1079,9.99742,10.1079,10.1631,10.1079,10.0527,9.94219,10.1631,9.99742,10.2184,9.61078,10.0527,10.0527,10.0527,10.3288,10.1079,10.1079
13.9743,13.422,13.0353,12.8144,12.6487,12.6487,12.5382,12.483,12.3725,12.6487,13.422,11.8754,11.8754,12.0411,12.0963,12.7591,12.3725,12.6487,12.0963,12.1516,13.0353,12.6487,13.2563,13.5877,12.262
17.3436,16.736,16.9017,16.2389,15.9627,15.9075,15.5761,15.1342,14.9133,14.5266,14.6923,14.7476,14.8028,14.6371,14.6923,14.8028,14.6923,14.7476,14.6923,14.7476,14.8028,14.7476,15.0238,14.9133,14.7476
11.2678,10.7155,10.3841,9.55555,10.2184,9.72125,8.78227,8.78227,8.56133,8.94797,8.78227,8.72703,8.56133,9.11367,8.56133,8.6718,8.17469,8.45086,8.6718,8.56133,8.6718,8.56133,8.6718,8.56133,8.6718
16.5703,15.9075,15.7418,14.9685,14.6371,14.8028,14.1952,13.8638,13.4772,13.7534,13.5324,13.0353,13.2563,12.9801,12.8696,13.5324,13.3667,13.6981,13.0905,13.201,12.9801,12.6487,12.6487,13.5877,13.201
单个夹臂电流均值 = 4.84295,9.88695,9.84056,10.236,13.0611,15.2292,9.63751,14.1681
单个夹臂电流面积 = 4.63527,9.47049,9.42961,9.81404,12.1438,14.5874,8.65523,13.2264
总电流均值 = 10.8628
总面积均值 = 10.2453
采样频率 = 48.604
预估重量 = -1.76801吨
采样时长 = 0.514361
====================================
6.02055,5.24727,4.86062,4.86062,4.58445,4.30828,4.14258,4.47398,4.30828,3.92164,4.47398,4.14258,4.30828,4.19781,4.41875,4.41875,4.19781,4.30828,4.14258,4.30828,4.36352,4.25305,4.03211,4.30828,4.41875
8.45086,8.17469,7.84328,7.67758,7.78805,7.73281,7.51188,7.62234,7.45664,7.51188,7.67758,7.56711,7.51188,7.56711,7.45664,7.62234,7.67758,7.73281,7.62234,7.67758,7.73281,7.45664,8.00898,7.73281,8.39563
15.079,14.7476,14.9133,13.7534,14.3609,14.2505,13.4772,13.0905,12.9248,12.9248,13.3115,12.262,12.5382,12.5934,12.8144,13.0353,12.4277,12.2068,11.9859,12.483,12.4277,13.3115,12.9801,12.262,12.7591
7.62234,7.07,7.51188,7.12523,7.12523,7.29094,7.40141,6.51766,7.12523,6.9043,7.12523,6.51766,6.62813,6.51766,6.62813,6.62813,6.57289,6.51766,6.62813,6.73859,6.51766,6.62813,6.62813,6.62813,6.62813
13.9743,13.5877,13.4772,13.7534,13.0353,13.1458,13.0353,12.7591,12.7591,12.7591,12.6487,12.8144,12.4277,12.9248,12.8696,12.262,12.8696,12.9248,13.422,13.2563,13.2563,13.0353,12.262,12.6487,13.422
13.6981,13.3667,12.8144,12.7591,12.4277,12.1516,11.7649,11.4888,11.3783,10.9364,10.8812,10.9364,11.2678,10.8812,11.2678,11.2126,11.2126,11.1573,10.9364,11.0469,10.9364,11.2678,11.0469,10.9916,11.2126
9.44508,9.55555,9.16891,8.94797,8.45086,9.16891,8.28516,8.06422,8.17469,7.67758,7.89852,7.89852,7.78805,8.00898,7.78805,8.28516,7.78805,7.67758,7.67758,7.78805,7.62234,7.34617,7.62234,7.67758,7.67758
20.9338,20.9338,19.4977,19.4977,18.7797,18.5588,17.7855,17.4541,17.5093,16.6808,17.2331,17.0674,17.0122,17.2884,16.6255,16.736,16.5151,16.4598,17.5093,16.9017,16.6808,16.6808,16.5151,16.9017,16.7913
单个夹臂电流均值 = 4.44084,7.72839,13.1568,6.84906,13.2758,11.5617,8.58188,17.9339
单个夹臂电流面积 = 4.23206,7.39146,12.6001,6.56405,12.4653,11.0634,7.79688,16.8675
总电流均值 = 10.441
总面积均值 = 9.87259
采样频率 = 48.7829
预估重量 = -1.79854吨
采样时长 = 0.512474
====================================
5.35773,5.1368,4.63969,4.58445,5.1368,3.97688,4.14258,4.41875,4.19781,4.19781,4.36352,3.81117,3.92164,4.08734,4.03211,4.03211,4.08734,4.08734,4.14258,3.92164,4.08734,3.92164,4.08734,4.08734
9.94219,9.44508,8.8375,8.78227,8.78227,8.94797,8.6718,8.50609,8.34039,8.39563,8.39563,8.45086,8.50609,8.50609,8.45086,8.28516,8.45086,8.50609,8.39563,8.45086,9.0032,9.05844,9.33461,8.61656
10.9364,10.3288,9.72125,10.4393,9.0032,9.11367,9.27938,9.61078,9.11367,9.05844,9.77648,8.6718,8.78227,8.45086,9.77648,9.66602,8.72703,9.61078,8.8375,8.94797,9.55555,8.8375,8.72703,8.6718
12.7591,12.8144,13.201,12.262,12.483,12.5382,12.262,12.4277,11.8754,11.8754,12.0411,11.7649,11.8202,11.7649,11.9306,11.8754,11.8754,11.6545,11.7649,11.7649,11.7097,12.4277,11.4888,11.7097
11.6545,11.4888,12.262,11.6545,10.8812,11.1021,10.8812,10.9364,10.8259,10.9916,10.6602,10.2184,10.0527,10.5498,10.4393,11.4888,10.5498,10.6602,11.2126,11.2126,10.4945,10.4393,10.7155,11.1021
16.6255,16.4046,15.9627,14.9133,15.3552,15.1342,14.8028,14.5819,14.3609,14.0848,13.7534,14.0848,14.2505,14.14,13.5324,13.9191,13.8638,13.9191,13.8638,14.0848,13.9191,13.9191,13.9743,13.9191
10.4393,10.2184,10.605,9.61078,9.83172,9.50031,9.05844,8.8375,8.56133,8.6718,8.72703,8.56133,8.17469,8.28516,8.56133,8.56133,8.6718,8.78227,8.6718,8.28516,8.39563,8.56133,8.39563,8.56133
20.0501,19.0559,18.0064,17.8959,18.393,16.736,16.6255,16.3494,15.9627,15.9075,15.4104,15.6313,15.2447,15.5209,15.4656,15.4104,15.5209,15.2447,16.1284,15.4656,15.8523,14.858,15.6313,15.3552
单个夹臂电流均值 = 4.26916,8.71092,9.3185,12.0871,11.4188,14.4737,9.51532,16.6777
单个夹臂电流面积 = 4.07238,8.32428,8.91,11.5774,10.4623,13.8374,8.54292,15.5841
总电流均值 = 10.8089
总面积均值 = 10.1638
采样频率 = 48.5235
预估重量 = -1.77468吨
采样时长 = 0.494606
====================================
4.86062,4.41875,4.25305,4.19781,4.08734,3.97688,3.59023,4.08734,3.75594,3.75594,3.535,3.535,3.59023,3.3693,3.64547,3.59023,3.59023,3.535,3.59023,3.81117,3.59023,3.535,3.47977,3.59023
11.1573,11.0469,10.2184,10.1631,10.1079,9.94219,10.3841,10.2736,9.77648,9.38984,9.83172,9.77648,9.83172,9.77648,9.88695,9.77648,9.83172,9.83172,9.72125,9.77648,9.94219,9.94219,9.88695,9.88695
13.0353,11.8202,11.5992,11.3783,11.2678,11.2126,11.1021,10.4945,10.4945,10.7155,10.8812,10.4945,10.3841,11.2678,10.1079,10.8812,9.99742,10.5498,9.77648,10.7707,9.99742,10.4945,10.1079,10.2184
10.6602,11.1021,10.1631,10.7155,10.1079,10.0527,10.3288,9.72125,9.83172,9.72125,9.66602,9.94219,9.72125,9.83172,9.72125,9.83172,9.72125,9.83172,9.33461,9.94219,9.94219,9.61078,9.83172,10.3288
10.4945,10.4945,10.4393,10.1631,10.1631,9.94219,9.77648,9.66602,9.66602,9.72125,9.72125,9.66602,9.77648,9.44508,9.33461,10.5498,9.72125,10.2184,10.3841,10.605,9.77648,9.44508,9.50031,9.88695
21.7071,21.4309,21.0443,20.4367,20.0501,19.9948,19.7187,19.553,19.2216,19.0006,18.7797,18.614,18.0064,18.5588,18.7797,18.5588,18.6692,18.614,18.614,18.5035,18.614,18.7245,18.614,18.6692
5.02633,5.57867,5.02633,5.79961,5.52344,4.80539,4.36352,4.63969,4.63969,4.41875,5.02633,4.52922,4.41875,4.36352,4.63969,4.41875,4.36352,4.25305,4.36352,4.25305,4.14258,4.41875,4.36352,4.25305
21.5966,20.6024,21.0443,19.553,19.1663,18.7245,18.3378,18.0616,18.393,18.0064,17.675,17.1779,17.2884,16.736,17.1227,17.2884,17.4541,16.8465,16.4046,16.5703,17.0122,17.4541,16.957,17.1227
单个夹臂电流均值 = 3.79046,10.0066,10.7937,9.98591,10.3377,19.2699,5.41906,18.2106
单个夹臂电流面积 = 3.6144,9.5682,10.3093,9.54864,9.51527,18.4287,4.45787,17.2182
总电流均值 = 10.9767
总面积均值 = 10.3326
采样频率 = 48.5472
预估重量 = -1.76086吨
采样时长 = 0.494364
====================================
4.80539,4.86062,4.86062,4.58445,4.36352,4.25305,3.59023,3.97688,3.81117,4.08734,3.97688,4.08734,4.08734,3.92164,4.03211,4.03211,3.92164,4.08734,4.08734,3.97688,4.19781,4.08734,4.03211,4.03211,3.92164
9.33461,9.72125,8.94797,8.61656,8.78227,8.89273,8.56133,8.34039,8.28516,8.22992,8.22992,8.28516,8.28516,8.28516,8.11945,8.28516,8.28516,8.00898,8.11945,8.22992,8.45086,8.39563,8.39563,8.39563,8.39563
10.6602,9.83172,9.72125,9.66602,10.1631,9.38984,9.27938,9.66602,8.6718,9.16891,9.05844,8.94797,9.66602,9.16891,8.78227,8.72703,8.78227,8.78227,8.72703,8.61656,8.94797,8.78227,8.72703,8.61656,8.50609
13.4772,13.201,12.9248,13.201,12.6487,12.9248,12.6487,12.6487,12.5382,12.262,12.6487,12.5934,12.4277,12.5934,12.4277,12.4277,12.262,12.5382,12.5382,12.5934,12.6487,12.5382,12.4277,12.5382,12.262
12.262,11.7649,11.2126,11.323,11.4888,10.9916,10.9364,10.9364,10.8259,10.4393,10.9364,11.4888,11.7097,10.8812,11.8754,11.3783,11.7097,11.5992,11.8754,10.9364,10.2184,11.8754,11.8754,10.3288,11.4888
17.3988,16.9017,16.3494,16.1837,15.8523,15.5209,15.1342,14.8028,14.8028,14.3057,14.4714,14.9685,13.9191,15.0238,14.6371,13.9743,14.4162,15.1895,14.5266,14.4162,14.5819,15.0238,14.5819,14.3057,13.8086
10.7155,10.3288,9.99742,10.2184,9.22414,9.16891,9.05844,8.94797,9.61078,9.16891,8.8375,8.72703,8.56133,8.6718,8.6718,8.6718,8.56133,8.6718,8.6718,8.6718,8.56133,8.56133,9.22414,8.6718,8.56133
19.4425,18.4483,17.8407,17.7302,17.1779,17.3436,17.0674,16.018,15.7418,15.6313,15.6866,15.6313,15.5761,15.2999,15.4104,15.3552,15.1342,15.1342,15.2447,14.858,15.079,15.6866,15.3552,14.858,14.9133
单个夹臂电流均值 = 4.147,8.47516,9.16228,12.6376,11.7792,15.0039,9.64467,16.4139
单个夹臂电流面积 = 3.97246,8.12056,8.77895,12.1228,10.8193,14.3797,8.68395,15.3795
总电流均值 = 10.908
总面积均值 = 10.2822
采样频率 = 48.6013
预估重量 = -1.76499吨
采样时长 = 0.514389
====================================
7.01477,5.91008,5.68914,5.35773,5.24727,5.19203,5.08156,4.58445,4.97109,4.86062,4.80539,5.19203,4.63969,4.86062,4.86062,4.75016,4.75016,5.35773,4.80539,4.97109,4.86062,4.80539,5.02633,4.86062
10.2736,9.94219,9.27938,9.88695,9.16891,9.38984,9.55555,9.11367,9.27938,9.11367,9.05844,9.11367,9.11367,9.72125,9.16891,9.11367,9.22414,9.05844,9.38984,9.11367,9.11367,9.22414,9.22414,9.77648
12.2068,11.6545,11.544,11.8202,11.1021,10.9916,11.4335,11.1021,10.8812,10.3288,10.4945,10.6602,10.3841,10.7155,10.3288,10.4945,9.83172,9.99742,10.8259,10.0527,10.1631,10.7155,9.83172,10.605
9.88695,9.33461,9.66602,9.44508,9.05844,9.44508,9.55555,9.61078,9.33461,9.22414,9.33461,9.16891,9.33461,9.72125,9.27938,9.44508,9.44508,9.05844,9.61078,9.33461,9.44508,9.99742,9.83172,9.33461
11.7649,10.9364,10.5498,10.3288,10.8259,10.2184,10.4393,10.9364,10.9916,10.7707,9.88695,10.0527,9.38984,10.9916,10.8259,9.83172,10.4945,10.1631,9.77648,9.55555,10.3288,10.0527,9.94219,9.94219
21.8728,21.4309,21.0443,20.7129,20.6024,20.0501,19.8291,19.6082,19.2768,19.1111,18.8349,18.6692,18.7797,19.0006,18.6692,18.9454,18.8349,18.6692,18.7245,18.614,18.614,18.6692,18.614,18.7797
8.28516,7.89852,7.40141,7.73281,7.62234,6.84906,6.84906,6.84906,6.95953,6.62813,6.73859,6.46242,6.84906,6.95953,6.46242,6.84906,6.62813,6.46242,6.46242,6.46242,6.46242,7.01477,6.35195,6.84906
18.8902,18.2273,18.1169,16.6255,16.2389,15.9075,15.5209,16.2389,15.8523,14.8028,15.5761,14.5819,14.9133,14.5819,14.4162,14.4714,14.6371,14.6371,14.4714,14.2505,14.1952,14.3057,14.8028,14.5819
单个夹臂电流均值 = 5.10228,9.35072,10.7569,9.45428,10.7521,19.4149,7.69407,15.727
单个夹臂电流面积 = 4.85487,8.93301,10.2816,9.05383,9.92263,18.568,6.60511,14.7545
总电流均值 = 11.0315
总面积均值 = 10.3717
采样频率 = 48.5747
预估重量 = -1.75765吨
采样时长 = 0.494085
====================================
5.52344,4.30828,4.03211,3.86641,3.92164,3.86641,3.75594,3.59023,3.86641,3.3693,3.75594,3.86641,3.92164,3.81117,3.92164,3.86641,3.81117,3.3693,3.92164,3.75594,3.92164,3.75594,3.75594,3.86641,3.75594
12.6487,11.9306,11.7649,11.4888,11.2126,11.1021,11.4335,11.1021,10.9916,10.8259,10.7707,10.9916,10.8812,10.8812,11.4335,10.8812,10.6602,10.605,11.5992,10.9916,11.7097,11.0469,10.8259,11.1021,10.9364
11.5992,10.7155,10.8259,10.2736,10.3841,10.4393,9.83172,9.55555,9.94219,9.27938,9.72125,9.22414,9.50031,9.99742,9.44508,9.22414,9.0032,9.27938,9.77648,9.22414,9.16891,9.38984,9.38984,9.16891,9.11367
11.7649,10.9916,11.2678,11.6545,11.2678,10.7155,10.8812,10.7707,10.7707,10.7707,10.7155,10.9364,10.605,10.7707,10.605,10.8812,10.8259,10.8812,10.8259,10.8812,10.9364,10.7155,10.8812,10.9916,10.7707
11.9859,11.6545,11.2678,11.2126,11.2126,11.1021,10.9916,10.5498,10.5498,11.7649,11.9859,10.9364,11.7649,10.8812,10.605,11.2126,11.2126,10.5498,10.2184,10.8259,12.0411,11.3783,10.4393,10.9916,10.7707
20.5472,19.9396,19.3873,18.6692,19.2216,18.6692,18.4483,18.0616,17.8407,17.5093,17.3436,17.675,17.0674,17.5093,17.2331,17.3988,17.4541,17.3436,17.3988,17.4541,17.4541,17.3988,17.3988,17.2331,17.4541
8.6718,8.56133,8.28516,8.06422,8.00898,8.00898,7.62234,7.51188,7.62234,7.51188,7.34617,7.40141,7.2357,7.62234,8.00898,7.2357,7.01477,7.51188,7.29094,7.2357,7.2357,7.2357,7.12523,7.34617,7.2357
18.7245,17.9512,17.8959,17.0122,16.018,15.7418,15.7418,15.1895,15.7418,15.5209,14.858,14.7476,14.8028,14.7476,14.4714,14.4714,14.858,14.3609,14.2505,14.9685,14.6923,15.2999,14.6923,15.079,14.858
单个夹臂电流均值 = 3.88629,11.1927,9.73892,10.9232,11.5431,17.9644,8.28622,15.759
单个夹臂电流面积 = 3.7007,10.721,9.32467,10.4724,10.6691,17.2044,7.27989,14.7962
总电流均值 = 11.1617
总面积均值 = 10.521
采样频率 = 48.6164
预估重量 = -1.74541吨
采样时长 = 0.51423
====================================
6.95953,6.18625,6.07578,5.63391,5.4682,6.18625,5.19203,5.02633,5.08156,4.75016,4.97109,4.75016,4.63969,4.97109,4.97109,4.75016,5.24727,4.80539,5.02633,5.02633,5.02633,5.02633,5.02633,4.86062,5.02633
11.1021,10.9364,10.1079,9.88695,10.2184,9.55555,9.33461,9.99742,9.83172,9.33461,9.33461,9.33461,9.33461,9.44508,9.44508,9.44508,9.44508,9.44508,9.38984,9.38984,9.27938,9.38984,9.44508,9.16891,9.44508
13.6429,13.9191,12.7591,12.3173,12.3725,12.0411,12.6487,11.7649,12.0411,12.3725,11.8754,11.8202,11.9306,11.3783,11.1021,11.9306,11.3783,11.4335,11.4888,10.9916,11.1573,11.1573,11.0469,10.8812,11.0469
10.6602,10.1079,10.0527,9.72125,10.4393,9.94219,9.61078,9.50031,9.44508,9.33461,9.33461,9.61078,9.33461,9.33461,9.22414,9.33461,9.05844,9.16891,9.22414,9.27938,9.05844,9.05844,9.33461,9.83172,9.22414
13.9743,13.201,12.6487,12.8696,12.483,12.1516,12.1516,11.9859,11.8202,11.9859,12.5382,11.323,12.3173,11.7649,12.8144,12.6487,11.7097,12.483,12.262,12.483,11.6545,11.7097,11.2126,12.4277,11.2678
21.2652,20.8786,19.9948,19.9396,19.4425,19.332,19.0006,18.7245,18.4483,18.2273,18.0064,17.9512,17.5645,17.3436,18.0616,17.8407,17.675,17.3436,17.5645,17.7302,17.7302,17.6198,17.675,17.5645,17.675
8.61656,8.56133,8.00898,8.39563,8.06422,7.51188,7.67758,7.89852,7.51188,7.51188,7.29094,7.29094,7.67758,7.29094,7.2357,7.34617,6.73859,7.01477,7.12523,7.62234,7.12523,7.12523,7.2357,7.40141,7.67758
21.3205,19.553,18.7797,18.393,17.8407,17.1227,16.957,16.7913,16.2941,16.4046,16.5703,16.5151,16.2389,15.5761,15.6313,15.8523,15.797,15.5761,15.5209,15.5761,16.0732,15.0238,16.0732,15.5761,15.2999
单个夹臂电流均值 = 5.22738,9.64171,11.8599,9.52903,12.6008,18.424,8.26408,16.9436
单个夹臂电流面积 = 4.98766,9.23077,11.3661,9.13135,11.7307,17.6452,7.23239,15.9219
总电流均值 = 11.5613
总面积均值 = 10.9058
采样频率 = 48.6329
预估重量 = -1.71389吨
采样时长 = 0.514056
====================================
7.2357,7.34617,5.96531,5.57867,5.68914,5.52344,5.41297,5.02633,5.68914,4.63969,4.97109,5.35773,4.63969,4.97109,5.1368,5.1368,5.68914,5.1368,5.1368,5.1368,5.19203,5.08156,4.97109,5.1368,4.86062
11.1573,10.605,10.6602,9.77648,9.44508,9.55555,10.4945,9.33461,10.605,9.55555,9.44508,9.55555,9.55555,9.66602,9.50031,9.55555,9.50031,9.44508,9.50031,9.50031,9.50031,9.50031,9.55555,9.50031,9.50031
14.5819,14.2505,13.6981,13.4772,13.4772,12.3725,11.8754,12.3173,12.0963,11.8754,12.3725,11.4888,11.7649,12.3173,11.544,11.1573,12.262,11.544,11.2678,11.4888,11.0469,11.4335,11.4335,11.0469,12.1516
9.88695,9.72125,9.55555,8.6718,9.11367,9.05844,9.11367,9.11367,8.94797,8.94797,8.94797,8.94797,9.0032,8.94797,8.89273,8.94797,9.22414,8.8375,8.94797,8.94797,9.0032,9.05844,8.89273,9.05844,8.94797
15.5209,15.797,14.7476,14.7476,14.5819,14.0848,13.6981,13.6981,13.6429,13.5324,13.3115,14.5819,14.1952,13.5324,14.1952,13.5324,14.3057,14.4714,13.422,14.1952,13.0353,13.8638,13.3115,13.5324,14.0848
15.5761,15.2447,14.7476,14.858,13.8086,13.8086,13.4772,13.1458,12.9248,12.7039,13.0905,13.1458,12.3725,12.9248,12.262,12.5382,12.483,12.5934,12.5934,12.5382,12.5934,12.5934,12.483,12.5934,12.5934
12.0411,11.6545,11.3783,11.0469,11.1573,10.2184,10.3288,10.605,9.94219,9.99742,10.1079,9.72125,9.72125,9.61078,9.83172,9.22414,9.88695,9.72125,9.72125,9.72125,9.72125,9.61078,9.61078,9.83172,9.99742
20.6577,19.9396,18.7245,18.3378,17.1779,17.0674,16.4046,16.5151,16.2389,15.6866,15.3552,15.797,15.6313,15.4656,15.6866,16.0732,15.3552,15.2999,15.7418,15.6313,15.6866,15.5761,15.5761,15.5761,15.2447
单个夹臂电流均值 = 5.38646,9.75881,12.1737,9.06948,14.4126,13.1878,10.6814,16.8073
单个夹臂电流面积 = 5.14453,9.34566,11.639,8.69279,13.4728,12.6244,9.73561,15.6998
总电流均值 = 11.4347
总面积均值 = 10.7943
采样频率 = 48.5916
预估重量 = -1.72302吨
采样时长 = 0.514492
====================================
7.51188,7.07,6.62813,6.62813,6.40719,6.07578,6.02055,5.63391,5.35773,5.85484,5.63391,5.91008,5.79961,5.52344,5.68914,5.19203,5.57867,5.68914,5.68914,5.85484,6.02055,6.18625,5.52344,5.79961,5.79961
8.50609,8.61656,8.11945,8.06422,7.56711,7.45664,7.34617,7.34617,7.34617,7.40141,7.45664,7.34617,7.45664,7.34617,7.45664,7.34617,7.45664,7.40141,7.51188,7.40141,7.45664,7.51188,7.45664,7.45664,7.45664
17.0674,16.0732,15.4104,15.5761,14.6923,14.5819,14.0295,14.1952,14.14,13.6429,13.6429,13.5324,13.3115,13.3115,13.5877,13.1458,13.8638,12.9248,13.3115,13.1458,13.3667,13.7534,13.201,13.3115,12.9801
8.28516,8.17469,7.67758,7.89852,7.34617,7.29094,7.29094,7.12523,7.01477,7.29094,7.67758,7.12523,7.51188,7.29094,7.29094,7.45664,7.29094,7.2357,7.12523,7.29094,7.62234,7.29094,7.40141,7.40141,7.40141
15.2999,14.858,14.3609,14.0848,14.5819,13.8086,13.9743,13.5877,13.8086,13.201,13.3115,12.8144,12.6487,13.422,13.3115,13.7534,12.8144,13.0353,13.8086,13.3115,14.0848,13.0353,14.0295,14.4714,13.8086
13.3115,13.0353,12.9801,11.7649,12.2068,12.0411,11.7097,11.4335,11.2678,11.0469,11.2678,11.4888,10.5498,10.9916,11.0469,11.5992,10.9364,11.2126,10.9364,11.0469,11.0469,10.8812,10.7707,10.9364,11.4888
12.2068,11.4335,11.2678,11.2678,10.1079,10.1079,10.1079,10.3841,10.3288,9.72125,10.605,10.6602,9.61078,10.1079,9.50031,9.50031,9.50031,9.50031,9.44508,9.33461,9.55555,9.83172,9.50031,9.50031,9.61078
22.3147,21.5414,21.0443,20.271,19.4977,19.1111,18.8349,18.393,18.4483,17.7302,17.6198,17.6198,17.5093,18.0616,17.4541,17.1227,17.0674,16.957,16.9017,17.1227,17.2331,16.7913,16.9017,17.0674,16.6808
单个夹臂电流均值 = 5.9631,7.57153,13.992,7.43234,14.0138,11.4799,10.5472,18.5987
单个夹臂电流面积 = 5.69687,7.25227,13.391,7.11861,13.1469,10.9839,9.67154,17.432
总电流均值 = 11.1998
总面积均值 = 10.5866
采样频率 = 48.5973
预估重量 = -1.74004吨
采样时长 = 0.514432
====================================
6.29672,5.96531,5.63391,5.52344,5.3025,5.1368,5.19203,4.91586,5.02633,4.86062,4.86062,4.80539,4.97109,4.97109,4.63969,4.41875,4.75016,4.86062,4.86062,5.02633,4.86062,4.86062,4.75016,4.97109,4.69492
10.7155,10.1631,10.4945,9.66602,9.44508,9.27938,9.16891,9.0032,9.11367,9.27938,8.8375,9.0032,8.94797,9.0032,9.0032,9.0032,9.0032,9.0032,9.0032,9.0032,8.89273,9.0032,9.05844,9.05844,9.0032
13.0905,12.7591,12.4277,11.8202,12.0963,12.483,11.5992,11.4888,11.323,11.1021,11.7649,11.4888,10.7707,10.5498,10.7155,11.0469,10.6602,10.5498,11.1573,10.5498,10.4393,11.1021,10.2184,10.1631,10.3288
11.9306,12.2068,11.9306,11.2678,11.2678,10.8812,11.4888,11.1021,11.1021,10.7707,10.8812,10.7707,10.8812,10.9916,10.8812,10.7707,10.8259,10.7707,10.8812,10.9916,10.8812,10.8812,10.7707,10.8812,10.9916
14.0848,13.201,13.3115,12.9248,13.201,13.0905,12.6487,12.5382,12.483,12.3173,13.201,12.0411,13.0353,12.7591,12.6487,12.262,12.4277,12.1516,12.483,12.262,12.262,13.2563,12.7039,13.422,13.2563
16.3494,16.1837,16.2941,15.4656,15.3552,15.0238,14.7476,14.4162,14.1952,13.9191,14.2505,13.9191,13.9743,14.0848,13.8638,13.9191,13.8638,13.8638,13.7534,13.9191,13.9191,13.7534,13.7534,13.9191,13.9191
13.5877,12.8144,12.2068,12.4277,11.544,11.9306,11.0469,11.2678,10.6602,10.6602,11.0469,10.7707,10.6602,10.6602,10.7707,10.2184,10.7707,10.4945,10.5498,10.605,10.8812,10.4945,10.5498,10.4945,10.4945
20.1605,19.4425,18.7245,17.1779,17.4541,17.1779,16.6808,16.736,16.0732,15.8523,15.6313,15.1895,15.2447,15.1342,15.9075,15.079,15.6313,15.2999,15.9627,15.8523,14.9133,15.4104,15.1895,15.5209,15.6866
单个夹臂电流均值 = 5.04621,9.24623,11.2678,11.08,13.2238,14.425,11.6571,16.7102
单个夹臂电流面积 = 4.82638,8.85186,10.7994,10.6216,12.2521,13.8196,10.6227,15.5684
总电流均值 = 11.582
总面积均值 = 10.9203
采样频率 = 48.6062
预估重量 = -1.7127吨
采样时长 = 0.514338
====================================
7.01477,6.62813,6.07578,5.19203,5.68914,5.08156,5.52344,5.02633,4.80539,5.85484,5.24727,5.08156,5.1368,5.08156,5.19203,5.24727,5.19203,5.08156,4.97109,5.08156,5.08156,5.19203,5.19203,5.19203,5.1368
10.3288,10.4393,9.61078,9.05844,9.05844,8.6718,9.05844,9.0032,8.94797,9.33461,8.94797,8.89273,8.94797,8.89273,8.94797,8.94797,8.94797,8.94797,8.94797,8.94797,8.94797,8.94797,8.94797,8.94797,8.94797
13.9191,13.0353,12.7591,12.8696,11.5992,12.2068,12.1516,11.4888,11.7097,11.4335,10.4945,11.3783,10.6602,11.544,10.8259,10.5498,11.0469,10.5498,11.4335,10.4945,11.5992,10.8259,10.8812,11.5992,10.4945
10.2736,10.0527,9.44508,9.44508,9.44508,9.33461,9.05844,9.22414,9.16891,9.05844,8.94797,9.05844,9.05844,9.05844,9.11367,8.56133,9.05844,9.05844,9.16891,9.05844,8.8375,8.94797,9.16891,9.16891,9.05844
14.3609,14.0848,13.4772,13.2563,13.1458,12.8696,12.8144,12.7591,12.6487,12.0963,12.1516,13.3667,12.262,13.3115,12.5382,12.262,12.1516,11.9859,13.0353,11.9859,11.9859,12.3173,13.0353,13.422,13.0353
19.4977,18.614,18.7797,18.393,18.0064,17.5645,17.675,17.3436,17.0674,16.7913,16.5703,16.1837,15.797,16.2941,15.8523,16.4598,16.5151,16.4598,16.3494,16.3494,16.4598,16.4046,16.4046,16.957,16.4046
10.1079,10.1079,9.72125,9.33461,9.33461,8.78227,9.16891,9.44508,8.72703,9.05844,8.6718,8.6718,8.39563,8.56133,7.89852,8.28516,8.17469,8.39563,8.78227,8.45086,8.28516,8.28516,8.39563,8.39563,8.28516
19.6082,18.7797,17.9512,17.5645,17.0122,16.2941,16.2941,15.2999,15.1895,15.3552,15.2999,14.4714,14.858,14.9133,14.7476,14.4714,14.1952,14.4162,14.2505,14.3057,14.6371,14.0295,14.6371,14.6371,14.5819
单个夹臂电流均值 = 5.35994,9.10483,11.502,9.19321,13.1666,17.0078,9.44048,15.8489
单个夹臂电流面积 = 5.11691,8.7193,11.0137,8.80657,12.2665,16.2897,8.42103,14.8282
总电流均值 = 11.328
总面积均值 = 10.6827
采样频率 = 48.5933
预估重量 = -1.73216吨
采样时长 = 0.514474
====================================
7.34617,6.57289,6.24148,6.29672,5.68914,5.52344,5.41297,5.3025,4.80539,5.63391,5.41297,5.19203,5.08156,5.02633,5.08156,5.08156,5.08156,5.19203,5.08156,5.1368,4.97109,5.1368,5.08156,4.97109,5.02633
11.0469,10.6602,10.0527,9.55555,9.61078,9.55555,9.44508,8.89273,9.33461,9.38984,9.27938,9.33461,9.38984,9.33461,9.33461,9.55555,9.33461,9.38984,9.33461,9.33461,9.33461,9.38984,9.33461,9.33461,9.33461
14.6923,14.0848,13.9743,13.3115,13.8638,12.9801,13.2563,12.262,12.2068,12.0963,11.5992,11.544,12.5382,11.8754,11.8202,11.7649,11.9306,12.2068,11.8202,11.5992,11.544,11.2126,11.6545,11.8754,11.8202
10.9364,10.4945,10.0527,10.2184,10.1079,9.66602,9.66602,9.88695,9.83172,9.72125,9.83172,9.83172,9.72125,9.88695,9.83172,9.83172,9.83172,9.88695,9.83172,9.72125,9.88695,9.83172,9.88695,9.83172,9.72125
15.4104,15.0238,14.3609,14.1952,14.1952,13.8086,13.8086,13.6981,13.5877,13.1458,13.8086,14.5819,13.8086,13.8086,14.3057,13.6981,13.3667,13.0905,13.422,14.6923,13.201,13.2563,13.6981,13.3115,13.0353
14.5266,14.5819,14.1952,13.422,13.8086,13.4772,13.1458,12.9801,12.7039,12.5934,12.4277,12.262,12.7039,12.6487,12.262,12.3173,12.4277,12.3173,12.7039,12.1516,12.3173,12.3173,12.3173,12.2068,12.262
13.3115,13.6981,12.2068,12.0411,11.6545,11.6545,11.544,11.3783,10.9364,10.9916,10.9916,10.8812,10.7707,10.8812,10.4945,10.2736,11.2678,10.605,10.9916,11.0469,10.7707,10.6602,10.2736,10.3841,10.9916
20.3263,19.3873,18.7797,18.4483,17.6198,17.0122,17.1779,16.6808,16.2941,15.6866,15.9627,15.5209,15.4104,15.2447,15.5209,15.3552,15.2447,15.2999,14.858,15.6313,15.5209,15.1895,15.5209,15.2447,15.4104
单个夹臂电流均值 = 5.41518,9.51578,12.3813,9.91788,14.233,12.8431,11.7203,16.7636
单个夹臂电流面积 = 5.16773,9.10815,11.8511,9.50473,13.2839,12.3073,10.742,15.6192
总电流均值 = 11.5988
总面积均值 = 10.948
采样频率 = 48.6394
预估重量 = -1.71043吨
采样时长 = 0.513987
====================================
7.56711,7.18047,6.73859,6.73859,6.46242,6.24148,5.96531,5.85484,5.68914,5.85484,5.79961,5.79961,5.63391,5.68914,5.57867,5.68914,5.68914,5.68914,5.63391,5.79961,5.68914,5.79961,5.68914,5.68914,5.57867
9.33461,9.27938,8.89273,8.50609,8.45086,9.11367,8.56133,8.17469,8.11945,8.00898,8.06422,8.00898,8.06422,8.06422,8.06422,8.06422,8.06422,7.67758,8.06422,8.11945,8.00898,8.11945,8.11945,8.11945,8.11945
17.6198,17.5093,16.7913,16.0732,15.797,15.1895,15.1895,14.7476,15.4104,14.6923,14.5266,14.1952,13.9191,14.3057,14.9133,14.4162,14.1952,14.0848,14.2505,14.2505,13.7534,14.4714,14.0848,13.6429,14.3057
5.68914,5.68914,6.13102,5.24727,5.08156,4.86062,5.1368,4.97109,4.86062,4.58445,4.69492,4.41875,4.08734,4.47398,4.69492,4.58445,4.80539,4.86062,4.30828,4.69492,5.41297,4.58445,4.69492,4.58445,4.69492
15.5209,15.1895,15.2447,14.7476,14.9685,14.6923,14.3609,14.3609,14.3057,14.4714,13.8086,13.6981,13.8638,13.3115,14.9685,14.4714,15.2447,14.4162,13.8086,14.6923,13.9743,14.6923,14.0848,14.7476,14.3609
11.8754,11.3783,10.7707,10.8812,10.4945,10.2184,9.83172,9.77648,9.55555,10.2736,9.83172,9.83172,9.33461,9.16891,9.38984,9.27938,9.61078,9.61078,9.55555,9.27938,9.44508,9.44508,9.55555,9.44508,9.44508
11.8754,12.1516,11.3783,11.544,11.4335,10.4945,10.605,10.2184,10.3841,10.2184,9.99742,9.83172,9.72125,9.72125,9.72125,9.50031,9.72125,10.1079,9.61078,9.99742,9.94219,9.61078,9.94219,9.72125,9.83172
22.9775,22.2042,22.5909,21.5966,20.6024,20.3263,19.9948,19.7739,20.2158,19.2768,18.2826,18.7245,18.8902,19.1663,18.6692,18.2273,18.2273,18.2273,18.1721,18.2273,18.1721,18.2826,18.3378,18.2826,18.4483
单个夹臂电流均值 = 5.98962,8.28737,14.8934,4.87388,14.6669,9.89137,10.6699,19.8302
单个夹臂电流面积 = 5.7267,7.93828,14.2549,4.6662,13.8826,9.46496,9.85713,18.6074
总电流均值 = 11.1378
总面积均值 = 10.5498
采样频率 = 48.6158
预估重量 = -1.74306吨
采样时长 = 0.514236
====================================
6.35195,5.85484,5.4682,5.41297,5.4682,5.1368,4.97109,4.86062,4.86062,4.80539,4.80539,4.30828,4.58445,4.47398,4.63969,4.58445,4.63969,4.47398,5.1368,4.63969,4.36352,4.75016,4.63969,4.69492
11.4888,10.8812,10.7707,10.1631,10.3841,9.94219,9.88695,10.1631,9.77648,9.72125,9.66602,9.66602,9.66602,9.72125,9.72125,9.72125,9.66602,10.2736,9.72125,9.66602,9.88695,9.77648,9.77648,9.83172
12.9248,13.2563,12.2068,11.9859,11.7649,11.4888,10.9364,10.9916,10.9364,10.6602,11.2678,10.2184,10.6602,10.7707,10.3288,10.9916,10.4393,10.2184,10.9364,10.7707,10.8812,10.8812,10.6602,10.4393
12.3725,11.9306,11.7097,12.1516,12.262,11.1573,10.9916,11.1021,11.1021,11.1021,10.8259,10.9916,10.8812,10.9916,11.0469,10.9916,10.9916,10.8259,11.1021,11.1021,11.4888,11.1021,10.9916,10.9916
14.6371,14.2505,13.4772,13.4772,12.9248,13.3115,13.1458,12.9248,13.3115,13.6981,13.201,12.8144,12.9248,13.5877,13.2563,12.262,13.4772,12.8144,12.8696,12.8144,13.6981,13.0905,12.9248,12.9248
16.3494,16.2389,15.9627,15.5761,15.4656,14.9685,14.7476,14.4162,14.1952,13.9743,13.7534,14.0848,13.8086,13.8086,13.201,13.422,13.6429,13.6429,13.8086,13.6429,13.6981,13.6429,13.6981,13.6429
11.6545,12.1516,11.544,11.2678,10.4945,10.6602,10.605,10.6602,10.1079,9.94219,10.2184,9.44508,9.88695,9.99742,9.44508,9.83172,9.99742,9.61078,9.61078,9.72125,9.83172,9.83172,9.72125,9.72125
20.6024,19.4425,18.1169,17.8959,17.3988,16.8465,16.4046,16.0732,15.797,15.079,15.0238,15.4656,15.079,15.1342,14.9685,14.8028,15.4104,14.6923,14.6923,14.9133,15.2447,14.9133,14.5266,14.4162
单个夹臂电流均值 = 4.91356,9.99742,11.109,11.2586,13.6913,14.308,10.8184,16.3643
单个夹臂电流面积 = 4.68341,9.55325,10.6223,10.7719,12.6682,13.6832,9.80295,15.2263
总电流均值 = 11.5576
总面积均值 = 10.8764
采样频率 = 48.5409
预估重量 = -1.71629吨
采样时长 = 0.494429
====================================
10.605,10.5498,9.38984,9.05844,8.72703,8.72703,8.8375,8.6718,8.39563,8.28516,8.28516,8.28516,8.22992,8.06422,8.06422,7.95375,7.95375,8.00898,8.00898,7.89852,8.11945,8.11945,8.11945,8.06422,8.11945
9.72125,9.22414,8.89273,7.89852,8.22992,8.61656,8.45086,8.22992,8.17469,8.39563,8.11945,8.17469,8.11945,8.17469,8.11945,8.11945,8.11945,8.11945,8.17469,8.22992,8.22992,8.17469,8.11945,8.17469,8.11945
15.0238,14.6923,13.8086,13.3667,13.2563,12.5934,13.5877,12.6487,12.1516,12.262,12.0411,11.7649,11.4335,11.2678,11.2678,11.7097,11.9859,11.8202,11.2126,11.7097,11.6545,11.7649,11.2678,10.9916,11.9859
8.17469,7.67758,6.9043,6.79383,7.01477,6.35195,6.9043,6.79383,6.79383,6.84906,7.40141,6.62813,6.84906,6.73859,6.73859,6.84906,6.73859,6.62813,6.73859,6.79383,6.62813,6.62813,6.62813,6.62813,6.13102
20.2158,19.4425,19.1111,18.7245,18.393,18.4483,17.9512,18.1721,18.1169,17.8407,17.7302,18.5588,18.2273,18.0616,18.2273,18.6692,19.0006,17.6198,18.1169,18.1169,18.8349,18.6692,17.4541,18.0616,17.4541
14.0848,13.1458,12.7039,12.5382,12.0411,11.6545,11.323,11.1573,11.2126,11.0469,10.1631,10.7707,10.9916,11.0469,10.8812,10.9364,10.9364,10.0527,10.7707,10.9364,11.1573,10.9916,10.9364,10.8812,10.8812
13.4772,12.9801,12.4277,11.6545,12.2068,11.6545,11.2678,10.7707,10.7155,11.2678,11.2678,10.7707,10.4945,10.6602,10.605,10.6602,10.7707,10.605,10.4945,10.8812,10.4945,10.4945,10.4945,10.4945,10.4945
16.2389,15.1895,15.079,14.5819,13.422,12.9801,13.4772,13.0905,12.5934,12.8144,12.3725,12.0411,12.3725,12.0411,11.8754,12.2068,12.0411,12.3725,11.6545,12.262,12.2068,12.6487,11.9306,11.8202,12.0411
单个夹臂电流均值 = 8.50168,8.32493,12.2908,6.84022,18.6309,11.3297,11.5574,13.2799
单个夹臂电流面积 = 8.12719,7.96811,11.7506,6.55411,17.6153,10.8304,10.6448,12.2885
总电流均值 = 11.3444
总面积均值 = 10.7224
采样频率 = 48.5975
预估重量 = -1.72892吨
采样时长 = 0.51443
====================================
8.22992,7.67758,7.62234,7.51188,6.95953,6.68336,6.73859,6.46242,6.68336,6.40719,6.46242,5.96531,6.07578,6.46242,6.40719,6.40719,6.29672,6.35195,6.29672,6.29672,6.29672,6.35195,6.29672,5.85484,6.29672
10.605,10.2184,9.66602,10.1079,9.44508,9.44508,9.55555,9.11367,9.05844,8.94797,9.0032,9.0032,9.0032,9.0032,9.0032,9.05844,9.0032,8.94797,8.94797,9.0032,8.94797,8.94797,9.05844,9.05844,9.05844
14.0295,13.6429,13.4772,13.7534,12.9801,12.7039,12.7039,12.5934,11.9306,12.262,11.9859,11.7097,11.8754,11.7649,12.483,11.544,11.7649,11.544,11.8202,11.544,11.4888,11.2678,12.1516,11.1573,11.7097
10.3841,10.1631,10.5498,10.1079,9.61078,10.2184,8.94797,9.61078,9.83172,9.44508,9.22414,9.22414,9.22414,9.22414,9.05844,9.22414,9.33461,9.16891,9.33461,9.22414,9.33461,9.22414,9.16891,9.33461,9.44508
14.4714,14.1952,13.5324,13.9743,13.0353,13.0353,12.8696,12.8696,13.422,13.9191,12.7591,12.8144,12.1516,13.422,13.5324,13.8086,12.1516,12.3725,13.0353,12.4277,13.422,12.9248,12.9801,12.6487,12.5382
16.7913,15.797,15.7418,15.2447,14.6371,14.9685,14.6371,14.4162,14.0848,13.8086,13.5877,14.0848,13.422,13.4772,13.5324,13.1458,13.6429,13.5324,13.6429,13.5877,13.5324,13.5324,14.3057,13.5324,13.422
13.201,12.8144,12.4277,11.544,11.544,11.3783,10.8812,11.0469,11.1573,10.6602,11.0469,10.7707,10.3841,10.4945,10.2184,10.5498,10.3841,9.88695,10.7707,10.2736,10.2736,10.7707,10.3841,9.99742,10.1631
19.2216,18.9454,18.9454,17.8959,17.3988,17.3436,16.0732,16.0732,16.018,16.018,15.6866,16.0732,15.079,15.1342,15.6866,15.3552,14.858,15.1342,14.9133,15.4656,14.7476,15.1342,15.2447,15.1342,15.1895
单个夹臂电流均值 = 6.60382,9.24844,12.2355,9.50473,13.4969,14.1643,11.4633,16.5289
单个夹臂电流面积 = 6.31329,8.85517,11.7207,9.10815,12.5923,13.56,10.4537,15.4225
总电流均值 = 11.6557
总面积均值 = 11.0032
采样频率 = 48.6017
预估重量 = -1.7059吨
采样时长 = 0.514386
====================================
7.2357,7.01477,6.40719,6.29672,6.68336,6.18625,6.07578,6.29672,6.46242,6.02055,5.91008,5.96531,5.85484,5.68914,5.57867,5.68914,5.79961,5.79961,5.79961,5.57867,5.79961,5.79961,5.85484,5.63391,5.57867
9.38984,8.94797,8.11945,8.00898,8.00898,7.56711,7.78805,7.56711,7.34617,7.18047,7.62234,7.67758,7.62234,7.51188,7.62234,7.56711,7.62234,7.67758,7.67758,7.51188,7.62234,7.51188,7.62234,7.51188,7.45664
16.9017,16.6808,16.2941,15.5209,15.3552,15.079,14.6923,14.3057,14.6923,14.7476,14.6923,13.9191,14.4714,14.0295,13.422,13.9191,13.2563,13.4772,13.0905,13.8086,13.5877,12.9801,13.5324,13.0353,13.5324
7.73281,7.40141,7.12523,7.2357,7.12523,6.73859,7.67758,7.62234,6.73859,6.62813,6.62813,6.62813,6.62813,6.62813,6.62813,6.62813,6.62813,6.62813,6.73859,6.62813,6.51766,6.62813,6.51766,7.01477,6.62813
16.0732,15.9075,14.7476,15.2999,14.0848,14.4714,14.3057,14.2505,14.14,13.9191,13.9743,13.6981,14.3609,14.5819,14.3609,13.6981,13.6981,14.5819,14.858,13.8086,13.6981,14.1952,13.4772,14.0295,13.9743
12.3725,12.6487,12.2068,12.483,11.6545,11.2678,10.8812,10.8812,10.6602,10.4393,10.1631,10.6602,10.605,10.3288,10.1079,10.4393,10.4945,10.2184,10.4393,10.4393,10.2184,10.5498,10.4945,10.4945,10.4945
11.2678,10.8812,10.3288,9.99742,10.3841,9.72125,10.2184,9.44508,9.72125,9.16891,9.05844,8.8375,9.05844,8.6718,8.72703,9.05844,8.94797,8.6718,8.56133,8.6718,8.8375,8.78227,8.56133,8.8375,8.8375
23.2537,22.4252,22.7013,21.3205,20.6577,19.9948,20.1053,19.6634,19.332,18.4483,19.0559,18.5035,19.0006,18.8349,18.8349,18.4483,18.3378,18.8349,18.1169,18.8349,18.5588,17.8407,18.1169,18.7245,18.0616
单个夹臂电流均值 = 6.04043,7.75049,14.3609,6.86895,14.5911,10.8657,9.74653,19.7974
单个夹臂电流面积 = 5.78414,7.41356,13.7523,6.58173,13.7268,10.4084,8.92808,18.614
总电流均值 = 11.2527
总面积均值 = 10.6511
采样频率 = 48.6456
预估重量 = -1.73475吨
采样时长 = 0.513921
====================================
7.01477,6.29672,6.18625,5.79961,5.57867,5.41297,5.4682,4.86062,5.19203,5.08156,5.02633,5.02633,5.02633,4.97109,4.86062,4.75016,4.97109,4.86062,4.97109,5.02633,4.97109,5.02633,5.08156,5.02633,5.08156
10.7155,10.7155,10.0527,10.0527,9.66602,9.27938,8.94797,9.38984,9.33461,9.16891,9.27938,9.72125,9.27938,9.11367,9.27938,9.0032,9.27938,9.27938,9.27938,9.27938,9.22414,9.27938,9.27938,9.33461,9.27938
13.5877,12.9248,12.5382,12.483,12.3173,11.9859,11.4888,11.7097,11.7649,11.4888,11.2678,11.1021,11.4335,10.9916,10.9364,10.7155,11.0469,10.4945,10.9916,10.7707,10.3288,10.3841,10.8812,10.6602,10.9364
12.5934,11.7097,11.8202,11.3783,11.2678,10.8259,11.4888,10.5498,10.7707,10.8259,10.7707,10.605,10.605,10.8812,10.7707,10.7707,10.605,10.7155,10.605,10.7155,10.7707,10.4945,10.4945,10.7707,10.7707
14.6371,14.2505,13.6981,13.4772,13.8086,13.201,13.0353,13.0353,12.7591,13.3115,12.5382,12.6487,12.4277,12.6487,12.483,12.4277,12.5382,12.4277,13.0353,12.1516,13.0905,13.0353,12.6487,12.483,12.9248
16.4046,16.5703,15.797,15.2999,15.0238,15.0238,14.7476,14.4162,14.3057,14.0848,13.8638,14.14,13.3115,13.6429,13.422,13.7534,13.8086,14.5266,13.6981,13.7534,13.8638,13.7534,13.7534,13.8638,13.7534
13.4772,12.5382,12.1516,12.5382,12.2068,11.2678,10.9916,11.0469,11.0469,11.0469,11.1573,11.0469,10.3841,10.2736,10.2736,10.4945,9.99742,10.4945,10.605,10.605,10.1631,10.4945,10.4945,10.1631,10.3841
18.9454,19.1663,18.5035,17.8407,17.3436,16.6255,16.5703,16.2389,16.0732,16.2941,15.6866,15.5209,15.2447,15.4656,15.1342,15.1895,14.9133,15.079,14.858,14.858,14.8028,15.1895,15.8523,14.4714,15.5209
单个夹臂电流均值 = 5.26273,9.46054,11.4092,10.943,13.4079,14.3433,11.5633,16.477
单个夹臂电流面积 = 5.0208,9.06065,10.9187,10.4758,12.4377,13.7401,10.5365,15.3662
总电流均值 = 11.6084
总面积均值 = 10.9446
采样频率 = 48.5633
预估重量 = -1.71071吨
采样时长 = 0.514792
====================================
11.544,11.1573,11.0469,10.7155,9.83172,9.16891,9.55555,9.55555,9.27938,9.16891,9.27938,9.16891,8.8375,9.05844,9.38984,8.8375,9.0032,9.05844,9.0032,8.8375,9.0032,8.94797,9.0032,9.0032,9.16891
8.89273,8.45086,8.17469,7.34617,7.78805,8.11945,8.22992,8.00898,7.73281,7.12523,7.45664,7.56711,7.51188,7.51188,7.2357,8.11945,7.51188,7.73281,7.29094,7.45664,7.51188,7.45664,7.62234,8.06422,7.67758
16.0732,15.2447,15.2999,14.6923,14.5266,15.1895,14.1952,13.6429,14.1952,13.3115,13.7534,12.9801,13.201,13.1458,12.5934,12.9248,12.6487,12.9248,13.0353,12.3725,12.5934,12.0411,12.9248,12.0411,13.3115
6.51766,6.51766,5.85484,6.35195,5.63391,6.24148,6.02055,5.96531,5.85484,5.96531,6.46242,5.96531,5.68914,5.85484,5.74438,5.91008,5.63391,5.74438,5.96531,5.96531,5.63391,5.96531,5.74438,5.19203,5.85484
19.9948,19.6082,18.5035,18.614,18.8349,17.9512,18.0616,17.9512,17.8407,17.7302,17.9512,18.614,18.1169,18.0616,18.3378,18.5035,17.1779,17.4541,17.9512,18.0064,17.2884,17.675,18.614,18.3378,17.9512
13.4772,13.1458,12.8696,12.0963,11.6545,11.7097,11.544,11.2678,10.9364,10.6602,11.323,11.2678,10.4393,10.8812,10.7707,10.2184,10.8259,10.605,10.7707,10.6602,10.6602,10.5498,10.605,10.605,10.605
13.4772,13.6981,13.4772,12.7039,12.3173,12.0963,11.7649,11.7649,12.0411,12.3173,11.544,11.544,11.1573,11.2678,11.4335,10.7707,11.4335,10.9916,10.7707,11.2678,10.9364,11.1021,11.0469,11.0469,11.1573
16.2389,15.5761,15.8523,15.079,14.3609,14.3609,13.1458,13.0905,12.9801,12.7591,12.8696,12.7039,12.3725,12.6487,12.3725,12.0411,12.3725,12.4277,12.3725,12.5934,12.7039,11.8754,12.3725,12.7039,12.3725
单个夹臂电流均值 = 9.46496,7.74386,13.5545,5.92996,18.4326,11.2059,12.1541,13.6592
单个夹臂电流面积 = 9.0507,7.41245,12.9668,5.68251,17.4463,10.7243,11.2325,12.6376
总电流均值 = 11.5181
总面积均值 = 10.8942
采样频率 = 48.6293
预估重量 = -1.71484吨
采样时长 = 0.514094
====================================
5.96531,5.4682,5.68914,5.41297,5.4682,5.19203,5.41297,5.57867,5.02633,4.86062,4.97109,4.86062,4.97109,4.86062,4.41875,4.86062,4.36352,4.80539,5.02633,4.80539,4.80539,4.86062,4.75016,4.86062,4.86062
11.1573,10.3841,10.605,9.72125,10.0527,9.88695,9.88695,9.55555,10.0527,9.33461,9.22414,9.55555,9.66602,9.55555,9.66602,9.50031,9.66602,9.61078,9.55555,9.55555,9.55555,9.55555,9.66602,9.61078,9.66602
14.14,12.8696,12.7039,12.6487,12.7039,11.8202,11.5992,11.544,11.2678,12.3173,11.2678,11.2126,10.8259,11.6545,11.0469,10.8812,10.8259,10.8259,10.7707,10.9364,10.8812,10.605,10.4945,10.5498,10.3841
12.4277,11.3783,11.0469,10.605,10.9916,10.605,10.9916,10.2184,10.7155,10.2184,10.9916,10.605,10.5498,10.5498,10.5498,10.4945,10.605,10.6602,10.5498,10.4945,10.605,10.4393,10.4393,10.605,10.6602
13.9743,13.0353,13.201,13.5877,12.6487,12.4277,12.7039,12.6487,12.262,13.0353,13.1458,12.3173,12.0963,11.7097,12.483,12.9248,11.9859,12.8696,12.7591,12.483,12.6487,13.3115,13.3115,12.1516,11.8754
16.6808,14.5266,15.0238,14.5819,14.3057,13.9191,13.422,13.1458,13.2563,12.9801,12.4277,13.2563,13.1458,13.0353,12.8696,12.7591,12.9248,12.8696,12.7591,13.3667,12.9248,12.8696,12.7591,12.8696,12.7591
11.3783,11.1021,10.605,10.605,10.605,9.94219,9.72125,10.605,9.44508,9.05844,8.89273,9.22414,8.8375,8.94797,8.8375,8.8375,9.16891,9.05844,9.22414,9.16891,9.72125,9.05844,9.16891,9.22414,9.16891
22.5909,21.8728,21.5414,20.9891,20.2158,19.553,19.4425,19.0559,18.614,18.2826,18.2826,18.2273,18.1721,17.7855,17.7855,17.5093,17.5093,18.2273,17.0674,17.7302,17.7302,17.6198,17.7302,17.8407,17.2884
单个夹臂电流均值 = 5.04621,9.76986,11.4711,10.7199,13.1142,13.4175,10.0974,19.1135
单个夹臂电流面积 = 4.82969,9.35339,10.9806,10.2581,12.1869,12.8287,9.17332,17.949
总电流均值 = 11.5937
总面积均值 = 10.945
采样频率 = 48.6159
预估重量 = -1.71068吨
采样时长 = 0.514235
====================================
7.78805,6.73859,6.46242,6.24148,6.07578,5.91008,5.79961,5.68914,5.63391,5.91008,5.52344,5.4682,5.24727,5.24727,5.41297,5.41297,5.35773,5.24727,5.41297,5.4682,5.4682,5.4682,5.35773,5.3025,6.02055
9.16891,9.50031,8.61656,8.39563,8.00898,8.00898,7.89852,7.84328,7.62234,7.73281,7.84328,7.78805,7.73281,7.78805,7.73281,7.78805,7.73281,7.78805,7.78805,7.78805,7.78805,7.78805,7.78805,7.78805,7.78805
18.0064,17.0674,16.9017,16.5703,16.1284,15.6313,15.4104,15.4104,14.6923,15.6313,14.858,14.4162,14.8028,14.3609,13.8638,14.6371,13.9191,14.1952,14.4162,13.8086,14.4162,14.2505,14.1952,14.858,14.2505
6.9043,6.62813,6.51766,6.51766,7.29094,5.35773,6.24148,5.57867,5.35773,5.4682,5.74438,5.74438,5.19203,5.4682,5.41297,5.24727,5.85484,5.24727,5.3025,5.74438,5.3025,5.96531,5.35773,5.19203,5.08156
15.7418,15.2999,15.0238,14.5819,14.0848,14.2505,14.2505,14.0848,13.8638,13.5877,13.5324,13.8638,13.5324,13.6981,13.8638,13.422,12.8696,13.1458,13.9743,14.9685,13.8086,14.2505,14.1952,14.3057,13.5877
11.1573,11.2678,10.8259,10.605,10.2184,9.99742,9.77648,9.66602,9.27938,8.56133,9.61078,9.27938,9.61078,9.33461,9.38984,9.44508,9.38984,9.44508,9.38984,9.33461,9.27938,9.44508,9.33461,9.27938,9.33461
12.9801,12.1516,12.0411,11.3783,11.1573,10.9916,10.9916,10.3288,10.3841,10.4945,10.3841,10.1079,10.2736,10.9916,10.2184,9.99742,10.1079,10.4945,9.72125,10.7707,10.2184,10.1079,10.1079,10.605,10.1079
25.0212,24.2479,23.6955,23.2537,22.2595,21.928,22.3699,21.3757,21.21,20.8234,20.0501,20.492,20.7129,20.3263,19.9396,19.9396,19.8844,19.8291,19.6634,19.1111,19.332,19.4977,19.2768,19.2216,19.9948
单个夹臂电流均值 = 5.74658,7.98026,15.0679,5.74879,14.2919,9.69032,11.0558,21.3472
单个夹臂电流面积 = 5.47041,7.64112,14.4228,5.50908,13.4849,9.28048,10.2228,20.0379
总电流均值 = 11.3661
总面积均值 = 10.7587
采样频率 = 48.6338
预估重量 = -1.72594吨
采样时长 = 0.514046
====================================
7.07,6.46242,5.4682,6.02055,5.63391,5.57867,5.24727,5.85484,5.35773,5.35773,5.35773,5.1368,5.02633,4.52922,5.02633,5.02633,5.08156,5.63391,5.08156,5.08156,5.08156,5.19203,5.19203,5.08156,5.19203
12.2068,12.3173,11.2678,11.2678,10.9916,10.8259,10.7155,10.6602,10.605,10.4393,10.605,10.605,10.605,11.2678,10.605,10.605,10.605,10.605,10.605,10.605,10.4945,10.5498,10.7707,10.605,10.605
12.0411,12.1516,12.0411,11.4335,11.9306,11.0469,11.0469,10.6602,10.6602,10.4393,10.8812,9.66602,10.2736,9.99742,9.66602,10.1079,9.94219,9.83172,10.2736,9.66602,9.44508,9.66602,9.77648,9.83172,9.55555
11.9306,11.544,11.9306,11.1021,11.2126,11.3783,10.8812,10.1079,10.8812,10.7155,10.605,10.4945,10.4945,10.3288,10.605,10.7155,10.3288,10.4393,10.4945,10.4945,10.4945,10.605,10.3841,10.605,10.4393
15.797,15.2447,15.2999,14.6371,14.8028,14.3609,14.5819,14.4714,14.1952,14.9685,14.6371,15.0238,14.6923,13.8086,13.8086,14.2505,14.0848,13.8638,14.858,14.1952,14.1952,14.0848,14.3609,15.0238,14.4714
19.0006,17.5093,17.1779,16.9017,16.4598,16.4046,16.1837,15.9075,15.5761,15.5209,15.1895,15.079,15.4104,15.5761,15.1895,15.1342,14.9685,15.7418,15.0238,14.9685,15.0238,15.0238,15.1895,14.9685,15.1895
12.5382,11.9306,11.2678,11.0469,10.605,10.7707,10.3841,10.2184,9.99742,9.72125,10.1079,9.83172,9.83172,9.72125,9.22414,9.33461,10.2184,9.61078,9.22414,9.61078,9.50031,9.72125,9.99742,9.72125,9.61078
17.675,17.3988,16.0732,16.0732,15.5761,15.9627,14.9685,15.079,14.0848,14.1952,14.2505,14.4714,13.9743,13.422,13.8086,13.5324,13.9191,14.0295,13.2563,13.2563,13.9743,13.1458,14.1952,13.5877,13.4772
单个夹臂电流均值 = 5.39088,10.8414,10.4813,10.7685,14.9616,15.7727,10.7534,14.9238
单个夹臂电流面积 = 5.14563,10.3852,10.0493,10.3211,13.9434,15.0889,9.70689,13.9124
总电流均值 = 11.7367
总面积均值 = 11.0691
采样频率 = 48.5938
预估重量 = -1.70051吨
采样时长 = 0.514469
====================================
7.01477,6.62813,6.02055,6.07578,5.85484,5.79961,5.79961,5.91008,5.24727,4.75016,5.4682,5.35773,5.24727,5.19203,5.02633,5.41297,5.24727,5.24727,5.19203,4.69492,5.19203,5.19203,5.1368,5.24727,5.08156
11.544,11.6545,10.7155,10.1079,10.2736,10.8812,10.5498,10.0527,9.88695,9.72125,9.94219,9.77648,9.88695,9.88695,9.83172,9.83172,9.88695,9.88695,9.94219,9.94219,9.99742,9.88695,9.94219,9.88695,9.99742
14.14,13.4772,14.2505,13.0905,12.9801,13.0905,12.0963,12.3725,11.6545,12.0963,11.4888,11.2126,12.3725,11.2678,11.2678,12.1516,10.7707,11.2678,11.4888,11.3783,11.1573,10.8812,10.8812,11.1021,11.4888
9.83172,9.50031,9.22414,9.27938,8.8375,8.89273,8.45086,8.45086,9.05844,8.61656,8.17469,8.56133,8.72703,8.6718,8.45086,8.6718,8.6718,8.6718,8.6718,8.72703,8.72703,8.72703,8.50609,8.72703,8.6718
14.7476,14.3609,13.8638,13.8086,13.4772,13.422,13.4772,13.0905,13.201,13.2563,12.7591,12.6487,13.422,14.1952,12.5382,13.4772,12.8144,13.8086,12.7591,12.6487,12.5382,12.9248,13.8086,13.8086,12.9248
21.5966,20.6577,19.6082,19.2216,18.8349,18.614,18.4483,18.1721,17.8407,17.6198,17.5093,17.3436,17.5093,17.0674,17.3436,16.7913,17.2884,17.2331,17.3988,16.6255,17.2331,17.5645,17.0674,17.2331,17.1779
8.78227,8.28516,7.78805,7.62234,8.28516,7.40141,7.34617,7.34617,6.95953,7.01477,6.73859,6.62813,7.40141,7.12523,6.95953,6.46242,7.62234,6.84906,7.51188,6.46242,7.34617,7.2357,6.95953,6.84906,7.40141
20.9891,20.5472,19.4977,19.553,18.7797,18.1169,18.0064,17.7302,17.5645,16.957,17.0122,16.7913,17.4541,16.6808,16.5703,16.2389,16.4046,16.2389,16.4598,16.4046,16.7913,16.7913,15.9627,16.3494,16.7913
单个夹臂电流均值 = 5.48146,10.1565,11.977,8.78006,13.6877,17.96,7.98274,17.7462
单个夹臂电流面积 = 5.23953,9.72567,11.4644,8.40999,12.7978,17.1845,6.97168,16.7117
总电流均值 = 11.7215
总面积均值 = 11.0632
采样频率 = 48.6156
预估重量 = -1.70099吨
采样时长 = 0.514238

