====================================
6.57289,5.79961,5.91008,5.79961,5.79961,5.35773,4.97109,5.35773,5.35773,5.63391,5.35773,5.24727,5.19203,5.35773,5.35773,5.24727,5.24727,5.24727,5.19203,5.19203,5.24727,5.41297,5.41297,5.35773,5.35773
12.5934,12.4277,12.0411,11.8754,11.1573,11.4335,11.7649,11.2126,11.1573,11.0469,11.0469,11.1021,11.1021,11.1021,11.1021,11.1021,11.1021,11.1021,11.7649,11.7097,11.1573,11.0469,11.1021,11.0469,11.9306
14.5266,14.4162,14.0295,13.0353,12.9801,12.3725,12.6487,12.1516,12.483,12.9248,12.262,12.2068,11.7097,12.2068,12.4277,12.0411,11.7097,12.483,11.7649,11.3783,12.2068,11.5992,11.5992,12.4277,12.7591
13.7534,13.5324,13.0905,12.8144,12.5382,13.0353,12.9248,12.6487,12.5934,12.4277,12.262,12.4277,12.4277,12.4277,12.4277,12.4277,12.1516,12.4277,12.4277,12.4277,12.483,12.8144,12.4277,12.4277,12.4277
14.7476,13.8086,13.6981,13.0353,13.0905,12.7039,13.8086,14.0848,12.8696,12.8144,13.3115,13.4772,13.3115,13.3115,12.7039,13.1458,12.9248,13.2563,12.9248,12.262,12.5382,13.422,12.7591,13.0905,12.483
16.957,16.1837,15.797,15.8523,15.4656,15.1342,14.9133,14.6923,14.5819,14.3609,14.0848,14.14,14.0295,14.3057,14.1952,14.4714,14.4714,14.2505,14.14,14.14,14.1952,14.14,13.422,14.1952,14.3609
11.3783,10.4393,10.3841,10.3288,9.50031,9.50031,9.83172,9.33461,9.16891,9.22414,9.22414,8.8375,8.72703,8.8375,8.39563,9.44508,8.72703,8.56133,8.6718,8.6718,8.17469,8.56133,8.56133,8.8375,9.61078
20.6024,19.4977,19.4977,18.9454,18.3378,18.4483,17.6198,17.7855,18.2826,17.5093,17.0674,17.5645,16.736,16.6808,17.2331,17.3436,16.4598,16.4598,16.2389,16.2389,16.5703,15.8523,17.1227,16.4598,16.4046
单个夹臂电流均值 = 5.43948,11.4092,12.494,12.631,13.6676,14.6592,9.79871,17.8311
单个夹臂电流面积 = 5.20087,10.9187,11.9483,12.1074,12.6387,14.0328,8.81762,16.7382
总电流均值 = 12.2413
总面积均值 = 11.5503
采样频率 = 48.5996
预估重量 = -1.66108吨
采样时长 = 0.514408
====================================
9.11367,9.16891,8.39563,8.17469,7.89852,7.67758,7.56711,7.2357,7.45664,7.34617,7.2357,7.62234,7.34617,7.2357,7.18047,7.34617,7.40141,7.2357,7.2357,7.2357,7.18047,7.40141,7.45664,7.84328,7.34617
13.9743,13.4772,13.5324,13.0353,13.6429,14.0295,12.9248,13.0353,12.9248,12.8696,12.9801,12.9248,12.8144,12.8696,12.9801,12.9248,12.8696,12.9248,12.9248,12.9248,12.9248,12.9248,12.9248,12.9248,12.9248
12.9801,13.2563,12.3725,12.3725,11.8202,12.1516,11.2678,11.0469,11.5992,11.0469,11.4335,11.323,10.6602,10.8812,10.1631,11.4888,11.0469,10.6602,11.544,11.1573,10.6602,11.544,10.7707,10.8259,11.0469
11.544,11.4335,11.323,12.2068,11.3783,11.9306,11.1021,11.1573,11.1021,10.9916,10.9916,10.8812,10.7707,10.4945,10.8259,10.9916,10.4945,10.8812,10.8259,10.7155,10.9916,10.9916,10.8259,10.8812,10.9916
12.262,11.6545,11.2678,11.5992,10.9364,10.9364,10.2184,11.3783,11.4335,11.3783,10.4393,11.2126,10.8259,11.1021,10.9916,10.7155,10.7155,11.7649,10.8812,11.6545,11.3783,10.8259,11.7097,11.5992,11.323
27.341,26.5125,25.7945,25.3526,24.8555,25.0212,24.5793,24.1374,23.7508,23.3641,23.3089,23.1984,23.3089,22.5356,23.3089,22.9223,22.9223,22.9775,22.9775,22.9775,22.7013,22.9223,22.9775,22.9775,23.0327
8.28516,8.00898,7.89852,8.06422,8.39563,7.51188,7.40141,7.62234,6.95953,7.34617,7.12523,7.67758,7.2357,7.12523,6.57289,7.34617,7.12523,6.95953,6.73859,7.12523,6.9043,7.34617,6.95953,6.95953,7.01477
18.0616,17.1779,16.2941,15.8523,15.3552,14.7476,14.5819,14.7476,14.2505,14.6371,13.9191,13.9191,14.0848,13.9191,13.9743,13.6429,13.5324,13.6429,13.4772,13.201,13.9191,13.8086,14.4714,14.2505,13.422
单个夹臂电流均值 = 7.61351,13.0883,11.4048,11.069,11.6329,23.8303,8.2613,14.7973
单个夹臂电流面积 = 7.28431,12.5504,10.9243,10.6183,10.7365,22.8228,7.04238,13.8859
总电流均值 = 12.7122
总面积均值 = 11.9831
采样频率 = 48.6857
预估重量 = -1.62562吨
采样时长 = 0.513498
====================================
7.12523,6.79383,7.07,6.07578,6.46242,6.02055,6.18625,5.91008,6.51766,5.79961,5.79961,5.85484,5.63391,5.79961,5.79961,5.79961,5.79961,5.85484,5.79961,5.79961,5.79961,5.79961,5.68914,5.91008,5.68914
11.4888,11.1021,10.9364,10.605,10.2736,10.3288,10.3841,10.3841,10.3288,10.1631,10.2736,10.2736,10.2736,10.1631,10.2736,10.2736,10.2184,10.1631,10.2184,10.2736,10.0527,10.1631,10.5498,10.3841,10.3841
16.2941,15.079,14.4714,14.4162,14.0848,14.6371,13.6981,13.5877,13.0905,13.6429,13.3667,13.2563,12.8144,13.0353,12.9248,12.9248,12.5934,13.1458,13.0353,12.8696,12.262,13.422,12.7591,12.8144,13.3115
11.544,11.4888,11.4335,11.2678,11.1021,10.8812,11.1021,10.5498,10.8259,10.605,10.1079,9.99742,10.605,10.605,10.0527,10.1079,10.1079,9.83172,9.94219,9.72125,9.83172,9.83172,10.0527,10.0527,10.2184
14.0848,13.5877,13.3115,13.0905,12.8696,12.8144,12.7591,12.6487,12.262,12.5382,13.1458,12.483,13.6981,12.4277,12.9248,13.422,12.1516,12.1516,12.5382,13.0353,13.0905,12.262,12.8696,12.5382,13.422
15.6866,14.9685,14.9685,14.8028,13.8086,13.9743,13.6429,13.1458,13.0905,13.0353,12.5934,12.9248,12.9248,12.5934,12.9248,12.9248,13.1458,12.262,13.3667,12.7591,13.3667,12.7039,12.9248,12.9248,12.7591
10.4945,10.605,10.605,9.83172,9.50031,9.33461,10.2184,9.11367,9.33461,9.05844,9.11367,8.8375,8.8375,8.45086,9.44508,8.8375,9.61078,9.33461,8.8375,8.72703,8.78227,8.56133,8.6718,9.05844,8.72703
22.6461,22.3147,21.9833,21.6519,20.6577,20.1605,19.2216,19.2216,19.1663,18.4483,18.7797,18.6692,18.7245,18.6692,18.8902,18.4483,18.8349,18.2826,18.0064,18.7245,18.1721,18.2826,18.0064,18.0616,18.4483
单个夹臂电流均值 = 6.03159,10.3973,13.5015,10.4746,13.2867,13.3689,9.78917,19.6546
单个夹臂电流面积 = 5.77531,9.95986,12.9094,10.0394,12.3349,12.8,8.89273,18.477
总电流均值 = 12.063
总面积均值 = 11.3986
采样频率 = 48.6319
预估重量 = -1.67351吨
采样时长 = 0.514066
====================================
9.05844,8.28516,8.28516,7.34617,7.01477,7.2357,7.01477,7.2357,6.95953,7.01477,7.01477,6.95953,6.57289,7.01477,6.68336,6.95953,7.07,6.79383,7.01477,6.84906,6.84906,6.84906,7.01477,6.84906,6.79383
10.8812,10.6602,10.8812,9.99742,9.99742,10.3841,9.77648,9.77648,9.83172,9.83172,9.72125,9.77648,9.83172,9.77648,9.66602,9.77648,9.77648,9.72125,10.3841,9.88695,9.83172,9.83172,9.61078,9.66602,9.83172
17.1227,16.736,16.4046,15.9627,15.2999,14.9685,15.2447,14.6923,14.14,14.0295,14.14,13.8638,13.201,13.6981,13.8086,13.9191,13.9743,13.1458,13.422,13.5877,13.6429,13.8638,13.7534,13.6981,13.6981
10.7155,10.5498,10.4945,10.0527,9.61078,9.88695,9.72125,10.605,9.83172,10.1079,9.61078,9.83172,9.55555,9.50031,9.55555,9.55555,9.44508,9.55555,9.61078,9.33461,9.55555,9.05844,9.27938,9.44508,9.33461
14.7476,13.6981,14.2505,13.8086,13.8086,13.6981,13.6981,13.6981,13.0353,13.6981,13.8638,13.5877,13.5324,13.0905,13.5324,13.0353,14.3609,13.0353,13.3115,13.2563,13.0353,14.5819,13.6981,13.0353,13.3115
16.4046,14.858,14.8028,14.14,14.3057,13.9191,13.7534,13.422,13.0905,12.8696,12.4277,13.5324,12.5934,12.6487,13.0353,13.0353,12.8696,12.8696,13.0353,12.9248,12.6487,13.0905,12.8144,12.9801,12.9801
11.1021,10.2184,9.72125,9.72125,9.44508,9.72125,9.16891,9.16891,8.56133,8.72703,8.72703,8.6718,8.28516,8.56133,8.78227,8.56133,8.56133,8.56133,9.33461,8.6718,8.56133,8.56133,8.6718,8.56133,8.39563
21.0995,20.0501,19.8291,18.9454,18.2826,18.3378,17.7855,17.0674,17.0674,17.2331,17.3988,16.736,16.4046,16.2389,16.5151,16.4598,16.8465,16.1284,16.5151,16.7913,16.6255,16.6808,17.0122,16.4598,16.0732
单个夹臂电流均值 = 7.14954,9.96428,14.4007,9.75218,13.9904,13.4021,9.51357,17.7278
单个夹臂电流面积 = 6.83249,9.55002,13.7843,9.35118,13.0552,12.8144,8.61104,16.6399
总电流均值 = 11.9876
总面积均值 = 11.3298
采样频率 = 48.6686
预估重量 = -1.67914吨
采样时长 = 0.513678
====================================
7.2357,7.07,6.46242,6.62813,6.46242,5.79961,6.18625,6.46242,5.79961,6.02055,5.96531,5.85484,5.79961,5.91008,5.96531,6.02055,5.79961,5.96531,5.85484,5.96531,5.96531,5.79961,5.96531,5.96531,5.96531
13.6981,12.9801,12.6487,12.9248,12.262,12.262,12.2068,12.3725,12.2068,12.2068,12.2068,12.262,12.262,12.9801,12.262,12.262,12.262,12.262,12.3173,12.1516,12.3725,12.262,12.3173,12.262,12.262
13.6981,13.6429,13.0353,13.8086,12.6487,13.0905,12.0411,12.0411,11.9306,11.7649,12.9248,11.7649,11.5992,12.4277,11.5992,11.4335,11.9306,11.4888,11.2126,11.544,11.1573,11.8202,11.2678,11.4888,11.4335
13.3667,12.3173,12.5382,12.0411,11.7649,12.6487,11.7649,11.3783,11.3783,11.3783,11.1573,11.3783,11.2678,11.3783,11.7649,11.2678,10.8812,11.3783,11.323,11.3783,11.3783,11.3783,11.2126,11.3783,11.323
14.4714,14.7476,13.8086,13.6981,13.5877,13.5324,13.201,13.2563,13.422,12.8696,13.422,14.1952,13.1458,12.8144,13.4772,13.422,12.8144,13.9191,13.8086,12.5382,13.6981,12.8696,13.3115,12.7591,12.4277
18.614,18.0616,17.7302,17.2331,16.7913,17.0122,16.736,16.5703,16.2941,15.9627,15.6866,15.5761,16.2389,15.9075,15.7418,16.018,15.8523,15.797,16.2389,15.6866,15.6866,15.797,15.7418,15.6313,15.7418
10.7707,10.2184,10.7707,10.2184,9.55555,9.72125,8.94797,9.05844,9.16891,8.94797,8.72703,8.72703,8.78227,8.56133,8.56133,8.78227,9.05844,8.72703,8.6718,8.6718,8.56133,8.78227,8.56133,8.72703,8.28516
19.1663,18.8902,17.6198,17.3436,17.4541,16.2941,16.018,15.6313,16.018,15.9075,15.5209,15.1895,15.1895,14.8028,14.3609,14.7476,14.6371,14.4162,14.9133,15.0238,14.9133,15.1342,15.3552,14.9133,15.2447
单个夹臂电流均值 = 6.11555,12.4189,12.1118,11.6169,13.8536,16.3339,9.7285,16.1371
单个夹臂电流面积 = 5.85153,11.8997,11.6092,11.1231,12.8707,15.6468,8.72151,15.1
总电流均值 = 12.2895
总面积均值 = 11.6028
采样频率 = 48.605
预估重量 = -1.65678吨
采样时长 = 0.51435
====================================
7.78805,7.45664,6.84906,7.12523,6.79383,6.73859,6.84906,6.46242,6.57289,6.40719,6.35195,6.40719,6.35195,5.85484,6.35195,6.40719,6.35195,6.40719,6.46242,6.24148,6.46242,6.46242,6.35195,6.40719,6.24148
9.99742,9.38984,9.83172,9.44508,9.0032,8.89273,9.05844,9.11367,9.05844,9.22414,9.0032,9.16891,9.16891,9.05844,9.05844,9.11367,9.16891,9.16891,9.11367,9.11367,9.0032,9.05844,9.11367,9.16891,9.22414
17.8959,17.1227,16.5703,16.2389,15.7418,15.7418,15.0238,15.1895,14.858,14.858,14.3609,14.858,14.3057,15.2447,14.0848,14.14,14.5266,14.6923,14.5266,14.8028,14.3057,14.4162,14.4714,15.1342,14.5266
11.6545,11.7649,12.2068,11.2126,11.2126,10.8812,11.7649,10.605,10.9916,10.1079,10.8812,10.4945,10.4945,10.5498,10.4945,10.2184,9.94219,10.1079,10.1079,10.0527,10.1079,10.605,10.1631,10.0527,10.1079
13.8638,13.6981,13.4772,13.3115,13.1458,13.1458,13.0353,12.9248,12.7039,13.3115,12.7591,12.3725,12.262,13.201,13.6429,12.2068,12.9248,12.6487,13.6981,12.5382,12.8696,12.7039,13.3115,12.4277,12.9248
14.14,13.8638,13.422,13.0353,12.9248,12.7591,12.483,12.1516,12.0411,11.8202,11.5992,11.6545,11.6545,11.9306,11.7649,11.8202,11.7649,11.4335,11.7097,11.7097,11.8202,11.7097,11.8754,11.8754,11.8754
12.483,11.4888,12.0411,11.1573,10.4945,11.0469,10.3841,10.1079,9.61078,9.99742,10.1079,9.44508,10.9916,10.3841,9.61078,9.83172,9.72125,9.72125,9.33461,9.83172,9.33461,9.83172,9.72125,9.50031,9.72125
21.6519,21.5966,20.8786,19.8291,19.553,19.0559,18.3378,18.5588,18.2826,17.8959,17.8959,17.5645,17.7302,17.1227,17.675,17.4541,17.8959,17.2331,17.3436,17.3988,17.5645,17.1779,17.2331,17.5645,17.3436
单个夹臂电流均值 = 6.56626,9.18879,15.1055,10.6713,13.4138,12.1935,10.703,18.7052
单个夹臂电流面积 = 6.28567,8.80436,14.457,10.236,12.4686,11.6732,9.79195,17.5336
总电流均值 = 12.0684
总面积均值 = 11.4063
采样频率 = 48.7871
预估重量 = -1.67288吨
采样时长 = 0.512431
====================================
6.68336,6.35195,5.57867,5.96531,5.85484,5.57867,5.63391,5.52344,5.79961,5.4682,5.41297,6.02055,5.52344,5.4682,5.4682,5.41297,5.4682,5.4682,5.19203,5.4682,5.35773,5.4682,5.41297,5.4682
12.0411,11.8202,12.2068,11.4888,11.1573,10.8812,10.8259,10.8812,11.2678,11.2126,10.9916,11.5992,10.8259,10.9364,10.8812,11.5992,10.9916,10.8812,10.8812,10.9364,10.8259,10.9364,10.9916,10.9916
16.8465,17.5093,16.3494,15.8523,15.2999,15.2999,15.2999,14.7476,14.8028,14.3609,14.1952,14.4162,14.2505,14.6923,13.7534,14.6371,14.2505,13.6981,13.8086,13.9191,13.5324,14.3057,14.14,13.7534
10.9916,10.7155,10.605,10.4945,10.5498,10.0527,9.61078,9.83172,9.61078,9.33461,9.44508,9.33461,9.05844,9.44508,9.33461,9.55555,9.33461,9.33461,9.33461,9.33461,9.33461,9.33461,9.27938,9.83172
15.9075,15.797,15.1342,14.7476,14.3609,14.1952,14.14,14.0295,14.1952,14.858,14.7476,14.6923,13.9743,13.4772,14.3609,14.8028,14.7476,14.4162,13.8086,14.0295,13.8086,13.8086,13.422,13.8086
13.6429,13.1458,12.9248,12.8696,12.483,12.2068,12.0411,11.5992,11.544,11.1573,11.9306,11.7097,10.6602,11.4335,11.4335,11.3783,11.4888,11.2126,11.323,11.323,11.323,10.6602,11.2678,11.323
12.1516,11.2678,10.605,10.4945,10.1079,11.0469,10.1079,9.99742,10.2184,10.2736,9.44508,9.61078,9.61078,9.44508,9.05844,9.61078,9.50031,9.61078,9.50031,9.50031,9.11367,9.44508,9.50031,9.44508
21.3205,21.0443,20.0501,19.8291,18.9454,18.5588,18.393,17.8959,17.2331,18.2273,17.5093,17.5645,17.1779,17.3436,17.675,16.6808,16.6808,16.6255,16.6255,16.957,16.7913,17.2331,16.6255,17.7302
单个夹臂电流均值 = 5.627,11.1689,14.7384,9.71204,14.7728,11.7534,10.4125,18.3422
单个夹臂电流面积 = 5.37384,10.689,14.1009,9.27822,13.7672,11.2333,9.49456,17.133
总电流均值 = 12.0659
总面积均值 = 11.3837
采样频率 = 48.5597
预估重量 = -1.67473吨
采样时长 = 0.494237
====================================
9.88695,9.38984,9.05844,9.16891,8.6718,9.0032,8.61656,8.28516,8.50609,8.17469,8.06422,8.17469,7.67758,8.00898,7.95375,7.95375,8.06422,7.89852,7.89852,7.89852,7.89852,8.00898,8.6718,8.06422,7.78805
12.6487,12.7039,11.6545,11.323,11.4335,11.4335,11.2678,11.7649,11.2126,11.1573,11.323,11.2126,11.2126,11.2126,11.2126,11.2126,11.2126,11.1573,11.2126,11.2126,11.2678,11.2126,11.2126,11.2126,11.1573
18.393,17.6198,17.0674,17.1227,16.1837,16.0732,16.2941,15.1342,15.2999,15.6866,15.5209,15.7418,15.2999,15.079,15.4656,15.0238,16.4046,15.1342,14.7476,14.9685,15.0238,15.0238,15.1342,14.6923,14.9685
13.8638,13.0353,12.483,12.262,11.7649,12.262,12.1516,12.262,12.7591,11.4888,11.4335,11.7649,11.2678,11.6545,11.4888,11.1573,11.6545,11.1573,11.1573,11.1021,10.8812,11.1021,10.8259,10.605,10.9916
13.0905,12.9248,12.5382,12.4277,12.483,12.2068,12.9248,12.6487,11.8754,11.9859,11.6545,11.8754,11.9859,11.8754,12.0963,11.8754,12.0963,12.7591,11.4888,11.7649,12.4277,11.7649,12.5382,12.8696,11.7097
12.8696,12.5934,11.3783,11.544,11.2126,10.8812,10.8259,10.605,10.0527,10.8259,10.605,10.2184,10.4393,10.8812,10.4945,10.2184,10.2184,10.3841,10.4945,10.3288,10.3841,10.1631,10.4393,10.1631,10.9916
11.1021,11.1573,10.3841,10.1079,9.83172,9.72125,9.72125,9.55555,9.22414,9.50031,8.72703,9.22414,9.05844,9.05844,8.72703,9.16891,8.45086,8.94797,8.39563,9.05844,9.05844,9.11367,9.05844,8.8375,9.05844
25.684,24.5793,25.0764,23.9717,23.2537,22.5909,22.7566,22.4252,21.8728,21.7071,21.7623,21.6519,21.3205,21.1548,21.4309,21.0995,20.9891,20.9338,20.9338,20.7681,20.1053,21.2652,21.4309,20.9338,21.5966
单个夹臂电流均值 = 8.35144,11.3937,15.7241,11.7031,12.6838,10.7685,9.78161,22.4104
单个夹臂电流面积 = 7.99794,10.9176,15.0569,11.206,11.7395,10.2913,8.96675,21.1062
总电流均值 = 12.8521
总面积均值 = 12.1603
采样频率 = 48.6169
预估重量 = -1.6111吨
采样时长 = 0.514224
====================================
7.89852,7.67758,6.73859,7.01477,6.62813,6.68336,6.35195,6.35195,6.35195,5.96531,5.79961,6.07578,6.02055,5.91008,5.91008,5.96531,5.85484,5.85484,5.79961,6.02055,5.96531,5.85484,6.18625,6.40719,6.02055
13.9743,12.6487,12.483,12.0963,12.3725,12.0963,12.0411,12.1516,11.7097,11.5992,11.6545,11.7097,11.7097,11.6545,11.7097,11.7097,11.6545,11.7649,12.3725,11.7097,11.7649,11.7649,11.544,11.5992,11.7649
14.0295,14.0848,13.4772,13.5877,13.5877,12.9248,12.8144,12.9801,13.2563,12.0963,12.1516,12.7591,11.4888,12.483,11.9306,11.9306,11.4888,11.6545,12.0411,11.544,11.7649,11.3783,12.3725,11.544,11.3783
13.4772,12.7039,12.7039,13.0353,12.5382,12.2068,12.0963,11.6545,11.8754,12.1516,11.4888,11.7649,11.544,11.7649,11.4888,11.4888,11.5992,11.4888,11.4888,11.7097,11.9306,12.262,11.4888,11.4888,11.5992
15.5209,14.9133,14.6371,14.2505,14.0848,13.8638,13.8086,13.4772,14.2505,14.7476,13.6429,13.6981,13.422,13.2563,13.3115,14.0295,13.0353,13.6429,14.4714,14.3609,13.422,14.3057,13.422,14.3057,13.0905
18.9454,18.2273,17.8407,17.0674,16.4598,16.7913,16.4046,16.0732,16.0732,15.797,15.5761,15.6313,15.7418,15.5209,15.2999,15.7418,15.4656,14.7476,14.8028,15.5209,15.5209,15.5209,15.5209,15.4656,15.5209
11.8754,11.1573,10.9916,10.8812,10.8812,10.4945,9.99742,10.8812,9.61078,9.72125,10.4945,9.50031,9.50031,9.50031,9.33461,9.33461,9.55555,9.44508,9.33461,8.8375,9.33461,9.22414,9.11367,9.33461,9.50031
20.3263,19.1663,18.7797,17.6198,17.4541,17.5093,16.6255,16.4598,15.9627,15.8523,15.8523,15.6313,15.4656,15.1342,16.018,14.9685,15.5209,15.4656,14.8028,15.0238,14.9133,15.3552,15.1895,15.2999,15.4656
单个夹臂电流均值 = 6.2923,11.9704,12.4299,11.9616,14.4172,16.0511,10.5279,16.6139
单个夹臂电流面积 = 6.01392,11.4556,11.9218,11.46,13.3866,15.3618,9.48595,15.5187
总电流均值 = 12.533
总面积均值 = 11.8255
采样频率 = 49.0292
预估重量 = -1.63853吨
采样时长 = 0.5099
====================================
10.3288,9.94219,9.83172,9.16891,9.27938,9.0032,8.89273,8.89273,9.16891,8.61656,8.61656,8.61656,9.0032,8.34039,8.45086,8.61656,8.45086,8.45086,8.50609,9.05844,8.34039,8.61656,8.61656,8.39563
11.7649,11.1021,10.6602,10.3288,10.1079,10.1631,10.1079,9.94219,9.88695,9.83172,9.83172,9.88695,9.88695,9.88695,10.2184,9.99742,9.88695,9.99742,9.72125,9.88695,10.1079,10.2184,9.94219,9.99742
15.4656,15.079,14.8028,14.6923,14.0295,13.5324,13.0353,13.422,12.9801,12.7039,12.6487,13.3115,13.1458,13.0353,13.4772,12.5382,12.1516,12.9801,12.7591,12.3725,12.8696,12.483,12.483,12.7591
11.8202,11.0469,11.1021,10.7707,10.8259,10.1079,10.5498,10.1079,10.2184,10.2184,10.2184,10.1079,9.99742,10.0527,9.99742,10.0527,10.7707,10.4945,9.61078,9.94219,10.2184,10.1079,9.83172,10.0527
14.3609,13.6981,13.1458,13.422,13.3115,12.9248,12.7039,12.4277,12.5382,13.4772,12.4277,12.3725,12.3725,12.262,12.262,12.4277,13.2563,12.7591,12.7039,12.262,12.9248,13.422,13.3115,12.5382
20.7129,19.4977,18.9454,18.8349,18.614,17.9512,17.7855,17.4541,17.3988,17.2331,17.5093,17.3436,17.0674,16.8465,17.0122,17.0674,16.7913,17.5645,17.0674,16.6255,17.0122,16.957,17.1227,17.0122
10.3841,10.3841,9.72125,9.16891,9.94219,9.11367,8.89273,8.78227,9.16891,9.22414,8.56133,8.45086,8.39563,8.39563,8.6718,8.6718,8.39563,8.17469,8.39563,8.39563,8.39563,8.00898,8.6718,8.28516
19.1111,18.1721,17.9512,18.0616,17.0122,16.736,16.5703,16.6808,16.8465,15.9075,15.797,15.4104,16.0732,15.9627,15.9075,15.2999,15.2999,14.9133,15.079,15.8523,15.4656,15.6866,14.9133,15.1895
单个夹臂电流均值 = 8.88353,10.1401,13.2816,10.3426,13.3,17.6428,9.56288,16.5988
单个夹臂电流面积 = 8.49344,9.68673,12.6935,9.88695,12.3276,16.8568,8.47157,15.5312
总电流均值 = 12.469
总面积均值 = 11.7435
采样频率 = 48.5218
预估重量 = -1.64525吨
采样时长 = 0.494623
====================================
7.40141,7.12523,7.07,6.18625,5.85484,6.57289,5.96531,5.85484,5.96531,5.79961,5.79961,5.68914,5.79961,5.52344,5.79961,5.63391,5.63391,5.68914,5.85484,6.24148,5.79961,5.85484,5.63391,5.57867,6.40719
11.6545,11.2126,10.9364,10.8259,10.605,10.605,10.605,10.2184,10.2736,10.1631,10.3288,10.3841,10.2184,10.2736,10.1631,10.3288,10.2184,10.2736,10.2736,10.2184,10.9916,11.0469,10.2736,10.0527,10.1079
16.4046,15.5209,15.4104,14.6923,14.7476,14.0848,14.3057,14.5266,13.7534,13.5877,13.5877,13.5877,13.3667,13.201,13.201,13.1458,13.422,12.9248,12.7039,13.3115,13.201,13.3115,12.7039,13.7534,13.3667
12.7039,13.422,13.0353,12.5934,12.4277,12.483,12.0411,12.262,12.0411,11.8754,11.7649,11.8754,11.7649,12.0411,11.6545,11.5992,11.6545,11.6545,11.6545,11.5992,11.7649,11.6545,11.4888,11.4888,11.6545
14.0848,14.3609,13.3115,13.201,13.3115,13.422,13.3115,13.422,13.6981,12.8696,12.9801,13.422,12.5382,12.6487,12.7591,12.262,12.9801,13.422,12.9248,12.5382,13.1458,12.483,13.5877,13.0353,13.1458
14.5819,14.2505,13.6429,13.7534,13.1458,12.8696,12.5382,12.262,12.5382,12.3725,12.1516,12.2068,12.262,12.0411,12.262,12.2068,12.1516,11.8202,12.2068,12.0411,12.262,12.2068,12.0963,12.0963,12.0963
12.1516,11.544,10.8812,10.4945,10.7155,10.1079,10.605,9.94219,10.6602,9.99742,9.88695,9.61078,9.72125,9.61078,9.94219,9.61078,9.83172,9.50031,9.72125,9.61078,9.72125,9.61078,9.50031,9.61078,9.50031
21.5966,20.7129,19.8291,19.553,19.3873,18.8349,18.5035,18.2273,17.8959,18.2826,17.675,17.2331,17.5645,17.8959,17.2884,17.2331,17.2884,17.0674,17.6198,17.2331,17.3436,17.5093,17.7302,17.5093,17.6198
单个夹臂电流均值 = 6.02938,10.4901,13.8329,12.008,13.6155,12.5625,10.5647,18.5714
单个夹臂电流面积 = 5.75321,10.0549,13.2375,11.5208,12.61,12.0289,9.65055,17.401
总电流均值 = 12.2093
总面积均值 = 11.5321
采样频率 = 48.6473
预估重量 = -1.66257吨
采样时长 = 0.513903
====================================
7.89852,7.62234,7.45664,6.62813,7.62234,6.46242,7.01477,6.35195,6.84906,6.35195,6.35195,6.18625,6.24148,6.62813,6.24148,6.24148,6.35195,6.35195,6.35195,6.07578,6.24148,6.18625,6.24148,6.24148
10.1631,9.66602,9.22414,9.77648,9.66602,9.0032,8.8375,9.0032,8.89273,8.78227,8.8375,8.45086,8.8375,8.78227,8.8375,8.78227,8.78227,8.78227,8.78227,8.8375,8.78227,8.8375,8.8375,8.78227
17.3988,17.675,16.8465,16.4046,15.797,15.9627,15.5761,15.2447,15.3552,15.6866,14.6923,15.4104,15.0238,14.858,14.5266,15.079,14.4162,14.1952,14.14,14.0848,14.6923,14.1952,14.5266,14.858
12.2068,11.9306,11.9306,11.7649,11.544,11.3783,10.8812,10.9916,11.4888,11.1573,10.7707,11.1573,11.4888,10.7155,10.605,10.5498,10.3841,10.7155,10.3841,10.3288,9.77648,10.2736,10.2184,10.3841
13.8086,12.9248,13.0353,12.262,12.1516,12.5382,12.9248,12.262,12.262,13.201,11.4888,12.1516,12.2068,11.5992,12.262,12.1516,13.0353,12.3725,12.3725,12.262,12.3725,11.4888,11.3783,12.262
14.3609,13.8638,13.8086,13.422,12.9801,12.6487,12.2068,11.8754,12.5934,12.5934,12.3725,12.1516,12.0963,12.0411,12.6487,12.0411,11.9306,11.9859,12.0963,12.2068,12.2068,12.0411,12.0963,12.262
10.605,10.2184,9.94219,9.83172,10.3288,9.05844,8.94797,9.33461,8.8375,9.61078,8.8375,9.16891,8.8375,8.39563,8.39563,8.45086,8.39563,8.17469,8.39563,8.6718,8.94797,8.94797,8.6718,8.56133
24.3031,23.5851,23.3641,22.9223,22.149,21.21,20.8234,21.1548,20.3815,19.8844,19.9396,19.6082,20.2158,19.6082,19.7739,19.2216,19.332,19.9396,19.553,19.7739,19.1111,19.553,19.7187,19.7187
单个夹臂电流均值 = 6.5913,8.9986,15.2769,10.9594,12.8026,12.5221,9.56399,20.9796
单个夹臂电流面积 = 6.29672,8.6039,14.6049,10.4888,11.8225,11.9674,8.66604,19.7014
总电流均值 = 12.2118
总面积均值 = 11.519
采样频率 = 48.4968
预估重量 = -1.66365吨
采样时长 = 0.494878
====================================
7.45664,7.62234,6.62813,7.2357,6.40719,6.24148,5.85484,6.46242,6.02055,6.24148,6.84906,7.12523,6.18625,6.18625,6.24148,5.79961,6.07578,6.18625,6.18625,6.07578,5.96531,6.18625,6.07578,6.18625
13.6429,13.3115,12.8144,13.0353,12.5382,13.0353,12.0963,12.5934,12.3725,12.3173,12.262,12.2068,12.3173,12.3173,12.3173,12.262,12.262,12.262,12.262,12.262,12.2068,12.262,12.3173,12.3173
14.0848,13.7534,13.4772,13.0353,12.5382,12.5382,12.483,13.2563,12.1516,11.7649,11.4888,11.544,12.3725,11.9306,11.9306,12.0411,11.4335,11.5992,11.1573,11.323,11.8754,11.4888,11.4888,11.3783
12.7039,13.0353,12.262,11.8754,11.2678,12.4277,11.3783,11.2126,11.4888,11.3783,10.8259,11.3783,11.323,11.2678,11.3783,11.2126,10.7155,10.9916,11.2678,11.2678,11.2126,11.2678,10.9916,11.2126
14.7476,14.2505,13.9743,13.5324,13.9743,13.6981,13.5324,13.6981,14.0295,14.0848,13.0353,13.0905,13.3115,13.6981,13.422,12.8696,12.7591,13.5877,14.4714,14.4714,14.5819,13.3115,13.2563,13.8086
18.393,18.0616,17.6198,16.957,17.5093,16.736,16.3494,16.0732,15.6866,15.0238,15.079,14.6923,15.2999,15.3552,15.0238,15.7418,15.797,15.6313,15.6866,15.7418,15.7418,15.7418,15.8523,15.6866
10.1079,9.72125,9.61078,9.44508,9.33461,9.44508,8.6718,8.6718,8.28516,8.56133,8.28516,8.39563,8.06422,7.89852,8.6718,8.06422,7.89852,8.6718,8.17469,8.34039,8.06422,8.17469,8.06422,8.17469
20.3263,19.1111,18.8349,18.1169,17.5093,17.3436,17.2331,16.8465,16.2941,16.4046,16.2941,15.8523,16.018,16.2389,16.7913,16.018,16.2389,16.2941,16.018,16.3494,15.8523,15.8523,15.9627,16.2389
单个夹臂电流均值 = 6.39568,12.483,12.1723,11.4726,14.1738,16.0617,9.25622,17.1781
单个夹臂电流面积 = 6.11145,11.9421,11.6418,10.9744,13.1216,15.3517,8.23568,16.0732
总电流均值 = 12.3992
总面积均值 = 11.6815
采样频率 = 48.3131
预估重量 = -1.65033吨
采样时长 = 0.496759
====================================
10.6602,10.4393,10.3288,9.66602,9.05844,9.66602,9.22414,9.0032,9.22414,9.0032,9.05844,8.89273,8.8375,9.05844,8.72703,8.61656,8.89273,8.72703,8.78227,8.72703,8.72703,8.61656,9.33461,8.8375,8.45086
13.422,12.6487,12.8144,12.3725,12.0963,12.7039,12.1516,12.262,12.0411,11.9859,11.8202,11.7097,11.8754,11.8754,11.7649,11.8754,11.8202,11.7649,11.8754,11.8202,11.8202,11.9306,11.7649,11.7097,11.9859
14.5266,13.9191,13.8638,12.9801,13.0353,12.5934,12.3173,12.7591,11.9306,11.9306,12.1516,12.0411,11.2126,11.5992,11.3783,11.5992,11.7649,11.1573,10.9364,11.2126,12.0411,10.8259,11.4335,11.7649,11.1573
10.9916,10.9916,10.7155,10.2184,10.3288,10.1631,10.3288,10.2184,10.2184,10.2184,10.1079,9.99742,10.1079,10.1079,10.1079,9.83172,10.1079,10.1079,10.2184,10.1079,10.0527,10.2184,10.2184,10.1631,10.1079
11.9859,11.7649,11.7649,12.262,11.5992,11.323,11.2126,10.8812,10.9364,11.4888,10.9916,11.2678,11.7649,11.5992,11.1021,11.5992,12.0411,11.2126,11.4335,11.2126,11.3783,11.5992,11.6545,10.9916,11.1021
25.7945,26.0154,24.8555,24.4136,24.027,24.1374,23.5298,23.088,22.7013,22.867,22.5356,22.2595,22.3147,22.0938,22.0938,22.3147,22.149,22.0938,21.9833,21.5966,22.0938,22.0938,22.0385,22.0385,21.928
7.89852,8.00898,8.06422,8.34039,7.67758,7.51188,7.34617,7.34617,7.89852,7.62234,7.2357,6.84906,6.95953,6.95953,6.95953,7.2357,6.73859,6.9043,7.29094,6.84906,6.84906,6.84906,7.12523,6.95953,6.95953
18.5035,17.7855,17.2331,17.1227,17.0674,16.018,16.018,15.5209,15.5761,15.4656,15.6313,15.3552,15.4104,15.1342,15.079,14.858,15.1895,15.6313,15.1342,15.0238,14.858,14.9133,15.1895,15.4656,14.9133
单个夹臂电流均值 = 9.14239,12.0764,12.0853,10.2382,11.8394,22.9223,8.17628,16.0439
单个夹臂电流面积 = 8.76017,11.5683,11.5716,9.81625,10.985,21.9678,7.0004,15.0956
总电流均值 = 12.8155
总面积均值 = 12.0956
采样频率 = 48.6839
预估重量 = -1.6164吨
采样时长 = 0.513517
====================================
8.28516,7.89852,7.2357,7.18047,7.18047,6.84906,6.79383,7.2357,6.62813,6.79383,6.62813,6.35195,7.56711,6.79383,6.79383,6.68336,6.73859,6.62813,6.62813,6.73859,6.68336,6.73859,6.57289,7.07,6.73859
12.7591,12.3173,12.1516,11.9306,11.8202,11.6545,11.7097,12.0963,11.544,11.6545,11.7097,11.6545,11.2678,11.5992,11.5992,11.6545,11.5992,11.5992,11.6545,12.3173,11.6545,11.5992,11.544,11.5992,11.6545
14.4162,14.3609,13.6429,13.8086,13.0905,13.422,12.9801,12.8696,12.6487,12.483,12.483,12.2068,12.3725,12.3725,12.3725,11.9306,11.5992,12.2068,11.9306,11.7649,12.0411,11.8202,11.9306,12.1516,12.0411
12.5934,12.0963,11.8202,11.6545,11.6545,11.6545,10.8812,11.2126,11.3783,11.2678,11.2126,11.2678,11.1573,10.8812,10.9916,10.9916,11.1573,11.1021,11.2126,11.3783,11.2678,11.4335,11.2678,11.2678,11.2678
15.9075,15.0238,14.7476,14.6923,14.4162,14.4714,14.1952,14.1952,13.9191,14.5819,13.422,13.8638,14.1952,14.1952,14.3057,13.6981,13.8638,14.0848,13.6981,13.8086,15.1342,13.8638,14.3609,13.9743,14.14
16.1284,16.1284,15.6866,15.9627,15.1342,14.9133,14.5266,14.0848,14.0848,13.8086,14.1952,13.422,13.6981,13.422,13.8638,14.14,13.6429,13.8638,13.6981,14.3057,13.8086,13.422,13.8086,13.7534,13.9191
11.1573,10.7707,10.2184,10.1079,9.72125,9.94219,9.72125,9.61078,9.05844,10.1079,9.22414,9.44508,10.2184,8.8375,9.05844,9.44508,9.05844,9.22414,8.8375,8.6718,9.33461,8.94797,9.05844,9.50031,9.44508
19.7739,19.3873,18.6692,17.9512,17.4541,17.8407,17.2331,16.6808,16.3494,16.4046,16.3494,16.3494,15.9627,16.8465,16.018,15.6313,15.8523,16.018,16.0732,15.7418,15.797,15.9627,16.2389,15.4656,15.5761
单个夹臂电流均值 = 6.93744,11.7738,12.5979,11.3628,14.7058,14.2969,10.0968,17.0706
单个夹臂电流面积 = 6.63696,11.2855,12.0687,10.8856,13.6694,13.6959,9.13687,15.9981
总电流均值 = 12.3552
总面积均值 = 11.6721
采样频率 = 48.6228
预估重量 = -1.6511吨
采样时长 = 0.514162
====================================
9.05844,8.6718,8.34039,8.17469,7.89852,7.40141,8.06422,7.56711,7.51188,7.45664,7.34617,7.2357,7.18047,7.18047,7.34617,7.40141,7.34617,7.45664,7.18047,7.34617,7.34617,7.40141,7.45664,7.40141,7.34617
9.88695,9.44508,9.16891,9.44508,8.61656,8.89273,8.78227,8.78227,8.61656,8.8375,8.6718,8.78227,8.6718,8.61656,8.78227,8.6718,8.6718,8.56133,8.78227,8.8375,8.6718,8.61656,8.6718,8.8375,8.78227
19.332,18.5035,18.0616,17.3988,16.6808,17.0674,16.9017,16.0732,16.2389,16.018,16.018,15.4656,15.9075,15.6313,15.5209,16.2389,16.018,16.1837,16.3494,15.7418,15.5761,15.079,15.4104,15.0238,15.4104
10.0527,10.2184,10.3288,9.88695,10.0527,10.0527,9.05844,9.05844,8.94797,8.89273,9.05844,9.11367,8.56133,9.05844,8.94797,8.6718,8.45086,8.56133,8.6718,8.6718,8.56133,8.45086,8.89273,8.56133,8.11945
15.1895,14.1952,13.5877,13.6981,13.6981,13.422,13.3115,13.201,13.2563,13.6429,12.8696,13.8638,12.7591,13.0353,12.6487,13.1458,12.6487,13.201,13.1458,14.0295,12.8696,13.8086,13.6429,13.3667,13.1458
13.3667,12.9801,12.3725,12.5382,12.0963,11.7097,11.4888,11.2678,11.2678,11.8202,11.4335,10.4945,11.0469,11.1021,11.2126,11.323,11.1021,11.0469,11.1021,10.9916,11.0469,11.0469,10.9364,10.9364,11.2126
12.5382,11.8202,11.544,11.8754,10.9916,10.8812,10.6602,11.4335,10.4945,10.7707,10.1079,10.8812,10.6602,10.2736,10.1079,10.2736,10.1079,9.72125,10.3288,10.2736,10.4945,10.2736,10.2736,9.72125,10.2736
23.0327,21.8728,21.0995,20.9891,20.3815,19.8291,19.6082,19.6634,19.1663,18.4483,19.2216,19.0559,19.0559,18.614,18.2826,18.1169,18.0616,18.0616,18.0616,18.7245,17.9512,18.0064,18.7797,18.3378,18.5035
单个夹臂电流均值 = 7.60467,8.84413,16.314,9.07611,13.7638,11.4777,11.1107,19.6456
单个夹臂电流面积 = 7.27658,8.47074,15.6192,8.71267,12.8486,10.9861,10.215,18.4063
总电流均值 = 12.2296
总面积均值 = 11.5669
采样频率 = 48.5988
预估重量 = -1.65972吨
采样时长 = 0.514416
====================================
8.72703,8.61656,7.56711,7.67758,7.51188,7.2357,7.12523,6.73859,7.34617,7.01477,6.84906,6.46242,6.95953,6.95953,6.79383,6.95953,6.95953,6.84906,6.46242,6.95953,7.01477,6.95953,6.79383,7.34617,6.95953
13.6981,13.1458,12.7591,12.483,12.483,12.5382,12.3173,12.3173,12.2068,12.0411,12.0963,12.0963,12.262,12.0963,12.0963,12.0411,11.6545,12.0411,12.0411,12.262,12.0963,12.0411,12.0963,12.0963,12.0963
14.4714,13.8638,13.5324,13.7534,14.14,13.5324,12.8696,12.483,11.7649,12.3725,12.483,12.3725,11.9306,11.9306,11.9306,12.3725,12.8144,12.3725,12.262,12.483,12.0411,12.3173,12.5934,12.0411,12.5934
11.8202,10.9916,11.6545,10.9916,10.9916,10.605,10.4393,10.8812,10.605,10.605,10.2184,10.1079,10.3288,10.7155,10.4945,10.3288,10.3288,10.3288,10.3288,10.3288,10.3288,10.3288,10.8812,10.2184,10.3841
16.4046,16.3494,15.5209,15.4656,15.2447,15.1342,15.1342,14.9133,15.2447,15.5209,15.2999,15.4104,14.5819,15.2447,15.5209,15.3552,15.3552,14.5819,15.2447,15.8523,15.2447,15.7418,15.5209,14.9685,15.0238
17.8407,16.736,16.3494,16.1837,15.6866,15.5209,15.079,14.9685,14.9133,14.5266,14.6371,14.5266,14.6923,14.14,14.14,14.4714,15.0238,14.5266,15.0238,14.6371,14.3609,14.5266,14.3609,14.1952,14.2505
11.1021,10.7155,9.99742,9.83172,10.1079,9.50031,8.94797,9.11367,9.16891,9.16891,8.8375,8.8375,8.8375,9.05844,8.8375,9.05844,8.8375,9.11367,9.05844,8.6718,9.05844,8.72703,8.8375,8.8375,8.56133
18.9454,18.5035,18.2826,17.3988,17.1779,16.0732,16.4046,16.6808,15.4104,16.1284,15.4104,15.8523,15.4104,15.079,15.2447,15.9627,14.9685,14.9133,15.0238,14.6923,15.5209,15.2447,15.1342,15.2447,15.079
单个夹臂电流均值 = 7.15396,12.2841,12.6929,10.6094,15.7618,15.0127,9.80781,16.345
单个夹臂电流面积 = 6.84023,11.7682,12.1516,10.1653,14.7266,14.3709,8.83971,15.311
总电流均值 = 12.4585
总面积均值 = 11.7717
采样频率 = 48.5981
预估重量 = -1.64294吨
采样时长 = 0.514424
====================================
8.17469,7.62234,7.34617,7.2357,7.07,6.68336,6.35195,7.2357,7.01477,6.35195,6.62813,7.51188,6.57289,6.24148,6.62813,7.45664,7.2357,6.62813,6.62813,6.68336,6.18625,6.57289,6.62813,7.01477,6.84906
10.8812,10.8259,10.2736,10.4945,9.83172,9.88695,9.50031,9.99742,9.44508,8.89273,9.66602,9.50031,9.50031,9.44508,9.50031,9.50031,9.50031,9.55555,9.44508,9.50031,9.50031,9.55555,9.50031,9.27938,9.50031
19.3873,19.332,18.3378,18.1169,17.1779,16.9017,16.957,16.9017,16.1837,15.9627,16.1837,16.4046,16.736,15.9075,16.1284,15.6313,15.9075,15.797,16.0732,15.4656,16.018,16.2389,16.0732,15.4656,15.9075
10.2736,10.2184,10.2184,10.3288,9.61078,9.61078,9.33461,8.94797,8.94797,8.45086,8.78227,8.39563,8.6718,8.28516,8.28516,8.56133,7.67758,8.34039,8.28516,8.17469,8.28516,8.17469,8.06422,8.28516,8.28516
14.4714,14.0295,14.1952,14.5819,13.5877,13.422,13.201,14.1952,13.201,13.6981,13.8086,12.5382,12.9248,13.422,12.8696,12.5382,13.3115,12.7591,12.7591,12.7039,12.9248,12.9248,13.0353,13.5877,13.8086
13.0905,13.0905,12.5382,12.5934,12.4277,12.0963,11.7097,11.4335,11.3783,10.9364,11.5992,10.7707,11.4335,10.7707,10.7707,11.2678,11.0469,11.2678,11.4335,10.9364,11.2678,11.323,11.8202,11.2678,11.2126
11.6545,10.605,10.2184,10.2184,9.61078,9.27938,9.05844,9.16891,9.05844,8.94797,9.33461,8.8375,9.61078,8.56133,8.6718,8.72703,8.8375,8.72703,8.8375,8.6718,8.8375,8.78227,8.94797,8.39563,9.50031
24.3031,23.4746,22.149,22.149,21.1548,21.8176,20.271,20.7129,20.271,19.4425,19.7739,19.2768,19.2216,19.2216,18.9454,18.7797,18.8902,18.8902,19.0006,18.614,19.0006,18.9454,18.7797,19.0559,18.7797
单个夹臂电流均值 = 6.90209,9.69916,16.6079,8.81982,13.7179,11.5793,9.68776,20.3897
单个夹臂电流面积 = 6.60161,9.29153,15.902,8.44865,12.8144,11.0933,8.82093,19.1752
总电流均值 = 12.1755
总面积均值 = 11.5184
采样频率 = 48.6152
预估重量 = -1.66369吨
采样时长 = 0.514242
====================================
7.18047,6.73859,6.35195,6.35195,6.02055,6.95953,5.91008,5.85484,5.85484,5.85484,5.79961,5.79961,5.52344,5.63391,5.91008,5.79961,6.35195,5.57867,5.96531,5.79961,5.79961,6.18625,6.35195,5.79961,5.79961
14.4162,14.0848,13.6981,13.2563,13.0905,12.9801,13.3667,12.9801,12.9801,12.7039,12.7591,12.8144,12.7039,12.5934,12.7039,12.7591,12.6487,12.7591,12.6487,12.7591,12.7591,12.7591,12.7039,12.8696,12.8144
14.4714,13.9191,13.4772,14.14,13.5324,12.9801,12.483,12.4277,12.5934,13.0905,12.483,12.0963,11.9859,12.0411,11.8202,11.8202,12.3173,11.5992,12.483,11.7097,11.9306,12.483,12.0411,12.2068,11.7649
12.5934,12.0963,12.2068,11.6545,11.7649,11.8754,12.1516,11.2678,11.3783,11.3783,11.2678,11.1021,11.1021,11.1573,11.1573,11.1573,11.1021,10.9916,11.1021,11.1021,11.2678,11.1573,11.1573,11.1021,11.2126
15.5209,15.5761,15.3552,14.0848,14.1952,14.2505,14.9685,14.4714,14.858,14.4714,14.7476,15.1342,14.0848,14.4714,14.2505,14.858,13.8638,14.0848,13.8638,14.0295,14.7476,14.7476,13.9191,14.2505,15.0238
17.9512,18.2826,17.7855,17.2884,16.5703,17.0122,16.736,16.5703,16.1837,15.9075,15.7418,15.4656,15.9627,15.6866,16.1837,15.6866,15.1342,15.7418,15.7418,15.5209,15.797,15.6866,15.797,16.018,15.797
10.3841,10.2184,9.72125,10.2184,9.94219,9.16891,9.61078,9.50031,8.8375,9.05844,9.16891,8.56133,8.56133,8.78227,8.17469,8.8375,8.45086,8.56133,8.6718,8.6718,8.56133,8.56133,8.78227,8.56133,9.33461
18.7245,18.614,17.7302,17.8959,17.0674,16.8465,15.9627,15.7418,15.8523,15.1895,15.3552,15.0238,15.1895,15.079,14.9133,15.4104,14.858,14.6923,14.858,15.2999,15.4104,14.4162,15.2447,15.5761,15.2447
单个夹臂电流均值 = 6.04706,12.9845,12.5559,11.4203,14.9909,16.25,9.69911,16.1951
单个夹臂电流面积 = 5.78746,12.4399,12.0312,10.9441,13.9423,15.575,8.68174,15.1685
总电流均值 = 12.5178
总面积均值 = 11.8213
采样频率 = 48.612
预估重量 = -1.63888吨
采样时长 = 0.514276
====================================
7.89852,7.67758,7.84328,7.67758,7.01477,6.73859,6.62813,7.12523,7.07,5.85484,6.46242,6.46242,6.46242,6.62813,6.73859,7.2357,6.73859,6.73859,6.73859,6.62813,6.73859,6.68336,6.73859,6.73859,6.73859
13.9743,14.6371,13.5324,13.8638,13.2563,12.7591,13.0905,12.5934,12.5934,13.0905,13.0905,12.8144,12.9801,13.0353,12.9801,13.0353,12.9248,12.9801,12.9801,12.9248,12.9801,12.9248,13.0353,12.9801,12.9801
14.2505,13.8638,13.4772,13.2563,13.7534,12.3173,12.5382,12.3725,11.8754,12.262,12.1516,11.9306,12.5934,12.262,11.9306,11.4888,11.4335,11.5992,11.6545,11.4335,11.8202,11.5992,11.1573,11.4888,11.2678
11.544,10.7707,11.1573,10.9916,11.1021,10.5498,10.7155,11.4888,9.94219,9.77648,10.1631,10.0527,10.2184,9.94219,10.1079,9.99742,9.99742,9.99742,9.99742,9.99742,9.83172,10.1079,9.99742,9.99742,9.83172
12.2068,11.8202,11.4888,10.9916,10.8812,11.1021,11.0469,10.4393,10.9916,11.323,11.8754,10.4945,10.5498,11.1021,10.9916,10.7155,11.8754,11.2126,11.2126,11.6545,10.4393,10.4393,10.4945,11.8754,10.9916
25.5735,25.684,25.2973,24.8555,24.3031,24.3584,23.9717,23.6403,23.1984,23.0327,22.9223,22.7013,22.8118,22.7013,22.5909,22.5909,21.928,22.5356,22.6461,22.3699,22.7013,22.6461,22.4804,22.6461,22.6461
6.73859,6.35195,6.07578,6.84906,5.91008,6.84906,6.35195,5.79961,6.18625,5.68914,5.96531,5.3025,5.85484,5.57867,5.79961,5.19203,5.57867,5.79961,6.46242,5.57867,5.19203,6.35195,5.68914,5.57867,5.4682
20.2158,19.6082,19.0006,18.393,17.6198,17.5093,17.4541,17.0674,16.2389,16.6255,16.7913,16.3494,16.6808,16.4046,16.4046,16.1837,16.018,16.4598,15.5761,16.4046,16.957,16.3494,16.018,16.018,16.4046
单个夹臂电流均值 = 6.87999,13.1215,12.2311,10.331,11.5248,23.3133,6.82171,17.2174
单个夹臂电流面积 = 6.58725,12.5824,11.7207,9.90352,10.6647,22.3489,5.68362,16.2577
总电流均值 = 12.6801
总面积均值 = 11.9686
采样频率 = 48.613
预估重量 = -1.6268吨
采样时长 = 0.514265
====================================
7.2357,7.01477,6.46242,6.62813,6.46242,6.24148,5.96531,5.41297,6.02055,6.24148,6.02055,6.02055,6.02055,6.18625,6.02055,6.02055,6.02055,6.02055,5.79961,5.96531,6.02055,6.02055,6.02055,5.96531,6.07578
13.0353,11.6545,11.2126,11.1021,11.7649,11.0469,10.6602,10.6602,10.5498,10.8259,10.4393,10.8812,10.6602,10.7707,10.7707,10.8259,10.8812,10.8259,10.8259,10.8259,10.8259,10.8259,10.8812,10.7707,10.7155
13.6981,12.9248,12.483,12.2068,11.9859,11.4888,11.2678,11.4888,11.8202,11.7649,11.544,10.7155,11.2126,10.7155,11.2126,10.8812,11.544,10.8812,10.6602,10.4945,11.0469,11.2126,11.1573,10.1631,10.8259
16.2941,15.6866,16.1837,15.797,15.3552,15.6313,14.6923,15.0238,14.9685,14.858,14.9685,14.9685,14.858,14.7476,14.858,14.858,14.6923,14.858,14.5819,14.9685,14.858,14.5819,14.6923,14.6923,15.6866
12.7039,12.6487,12.5382,12.5382,12.1516,12.0411,11.8754,11.8754,12.1516,12.262,12.262,12.1516,11.8754,11.4335,11.2678,12.1516,12.0963,11.3783,11.7649,11.7649,12.3725,12.2068,12.6487,12.5382,12.6487
16.5703,15.8523,15.4656,15.5209,15.0238,14.7476,14.3057,14.2505,14.14,13.7534,14.14,13.2563,13.6429,13.8638,13.6429,13.8086,13.8086,13.8638,13.6981,13.7534,13.8086,13.8638,14.5266,13.8086,13.9191
10.8259,10.4945,10.3288,9.50031,9.33461,8.94797,8.72703,8.94797,8.8375,9.05844,8.8375,8.56133,8.6718,8.39563,8.39563,8.94797,8.17469,8.06422,8.45086,8.17469,8.45086,8.6718,8.72703,8.39563,8.39563
24.0822,22.7566,22.2595,21.8176,21.3205,21.3205,19.9948,19.7187,19.8844,20.3815,19.6082,19.1663,18.8902,19.2216,19.0559,18.9454,18.8349,18.7797,18.6692,19.1663,18.8349,18.7245,18.6692,18.3378,18.5588
单个夹臂电流均值 = 6.15532,10.9695,11.4158,15.0944,12.7121,14.2814,9.4396,20.2203
单个夹臂电流面积 = 5.88909,10.4945,10.9254,14.4548,11.6268,13.6716,8.5083,19.0271
总电流均值 = 12.5361
总面积均值 = 11.8247
采样频率 = 48.6121
预估重量 = -1.63859吨
采样时长 = 0.514275
====================================
7.62234,6.95953,7.2357,6.40719,6.24148,6.57289,7.18047,6.18625,6.18625,6.24148,6.73859,6.07578,6.07578,6.02055,6.18625,6.18625,5.96531,6.02055,5.57867,6.07578,6.07578,6.02055,6.24148,6.35195,6.24148
12.483,12.1516,11.6545,11.544,11.323,11.1573,11.323,11.1573,11.0469,10.9364,11.0469,11.0469,11.0469,11.0469,11.0469,11.1021,11.0469,10.9916,11.1021,11.0469,11.0469,10.9916,11.0469,11.0469,11.5992
13.2563,13.201,12.9248,12.5382,11.9859,11.7649,11.7649,11.2126,10.9364,11.4335,11.2678,11.0469,11.2126,10.8812,10.7155,10.7707,10.4945,10.6602,11.544,10.6602,10.6602,10.7707,10.8259,11.1573,10.7707
15.5209,14.9133,14.858,14.6371,14.858,14.2505,14.6371,14.9685,14.5819,14.2505,14.2505,14.0848,14.0848,13.8086,13.8638,13.8086,13.8086,13.8086,13.8086,13.8086,13.8086,13.9743,13.8638,13.9743,13.9191
10.4393,10.0527,9.44508,10.3288,9.66602,9.55555,9.50031,9.55555,9.55555,9.38984,10.4393,10.1631,9.27938,9.0032,9.16891,9.16891,9.55555,8.50609,10.4393,9.27938,8.78227,9.55555,9.77648,9.16891,9.0032
25.1316,24.3584,23.8612,23.5298,23.4194,23.1432,22.867,22.5356,22.149,21.928,21.7071,21.5966,21.1548,21.8728,21.8176,21.7623,21.5414,21.5414,21.6519,21.5966,21.8176,21.4862,21.5414,21.7071,20.8234
7.2357,7.40141,6.62813,6.73859,6.24148,6.84906,6.62813,6.62813,5.96531,6.73859,5.79961,6.24148,6.18625,5.85484,5.52344,5.96531,5.79961,6.46242,5.57867,5.96531,5.79961,5.68914,5.85484,6.07578,6.46242
22.0938,21.3757,20.1053,20.271,19.1111,18.5588,19.1663,18.5588,17.9512,17.5645,18.2826,17.5645,17.5093,17.5093,17.8407,17.1227,17.675,16.736,16.736,17.2331,17.2331,17.0674,17.6198,17.1227,16.7913
单个夹臂电流均值 = 6.34753,11.2413,11.3783,14.246,10.0974,22.2617,7.10623,18.4311
单个夹臂电流面积 = 6.07026,10.7597,10.8977,13.6573,9.16228,21.3426,5.97857,17.4143
总电流均值 = 12.6387
总面积均值 = 11.9103
采样频率 = 48.6376
预估重量 = -1.63158吨
采样时长 = 0.514005
====================================
8.00898,7.12523,7.18047,7.62234,6.68336,6.46242,7.01477,6.46242,6.07578,6.62813,6.07578,6.07578,5.96531,5.68914,6.07578,5.91008,5.96531,5.85484,6.18625,6.18625,5.96531,6.07578,6.24148,6.07578
11.8202,11.7649,11.2126,10.7707,10.8259,10.4945,10.9916,10.605,10.5498,10.3841,10.4393,10.605,10.4393,10.5498,10.4945,10.4393,10.4393,10.3841,10.4393,10.5498,10.605,10.605,10.5498,10.4393
14.3609,13.6981,14.14,13.201,12.5382,12.9801,12.0963,12.3725,12.0963,12.3725,11.323,11.9306,11.9306,11.5992,11.5992,11.9306,11.8754,12.0411,11.544,12.5382,12.1516,11.9306,12.0411,11.7649
14.3609,14.2505,13.6429,13.2563,13.201,12.8144,13.3115,13.201,13.0353,12.9801,13.201,13.0353,13.0353,13.0353,12.8144,13.0905,13.3115,13.0353,12.9248,13.0353,12.9248,12.8144,12.9248,12.8144
13.9743,13.6981,13.3115,13.2563,13.3115,13.0353,12.9248,12.8144,13.0905,13.0353,12.9248,12.9248,13.2563,13.5877,13.0353,13.201,12.1516,12.8144,13.0905,12.6487,13.6981,12.5382,13.3115,12.9248
16.736,16.5151,15.8523,16.1837,15.1895,14.9133,14.5819,15.0238,14.0848,14.7476,13.422,14.3057,14.0295,14.14,13.9743,13.9743,14.4714,14.1952,13.9743,13.9743,14.0848,13.8086,13.9191,14.3609
10.7155,10.2184,9.66602,10.2736,9.44508,9.33461,9.83172,8.8375,9.22414,9.05844,9.05844,8.72703,9.33461,8.6718,8.6718,9.33461,8.6718,8.6718,8.56133,8.8375,8.78227,9.22414,8.39563,8.6718
22.3699,21.5966,20.5472,19.332,19.3873,18.614,19.0006,18.2273,18.2273,17.5093,17.675,17.3988,17.2884,17.2884,17.1779,17.1227,16.9017,16.957,17.4541,16.9017,17.0122,16.8465,16.9017,17.0122
单个夹臂电流均值 = 6.40028,10.6832,12.3357,13.1688,13.6318,14.6026,9.75726,18.4801
单个夹臂电流面积 = 6.10685,10.2195,11.7914,12.6026,12.5463,13.9547,8.77191,17.2941
总电流均值 = 12.3825
总面积均值 = 11.6609
采样频率 = 48.541
预估重量 = -1.65201吨
采样时长 = 0.494428
====================================
9.44508,8.8375,8.61656,8.39563,8.17469,8.06422,7.84328,7.51188,7.89852,7.67758,8.17469,7.62234,7.62234,7.45664,8.00898,7.56711,7.62234,7.62234,7.84328,7.62234,7.67758,7.51188,7.56711,7.67758,7.67758
12.9248,12.3173,12.0411,11.9306,11.7097,12.3725,11.544,11.5992,11.4888,11.323,11.323,11.4335,12.0411,11.4888,11.323,11.4335,11.544,11.4888,11.4335,11.323,12.0411,11.4888,11.4335,11.2678,11.6545
14.0848,14.4162,14.0848,13.4772,12.7591,13.0353,12.2068,11.9306,12.0411,11.5992,12.8144,11.323,12.0411,11.5992,11.6545,12.4277,11.7649,11.7649,11.7097,11.6545,11.3783,11.7649,10.9916,11.7649,11.4335
12.2068,12.8696,11.9306,11.6545,12.4277,11.6545,11.6545,11.1021,11.4335,11.3783,11.7649,11.3783,11.4888,11.3783,11.544,11.3783,11.4888,11.3783,11.544,11.544,11.2678,11.3783,11.544,11.544,10.9916
14.2505,13.3115,12.6487,12.7591,12.8696,12.8144,12.7039,12.5382,12.483,11.9859,12.483,12.2068,12.483,13.0353,12.3173,11.8754,13.0905,12.6487,11.9859,12.0411,12.483,12.5382,12.8144,12.483,11.6545
21.5966,20.8786,21.0443,20.6024,20.1605,20.0501,19.7187,19.553,19.2216,19.0006,18.8349,18.614,18.7797,19.0006,18.8902,18.6692,19.0006,18.5588,18.6692,18.614,18.5035,19.1663,18.614,18.5588,18.4483
8.6718,8.39563,8.39563,8.06422,8.28516,7.62234,7.51188,7.2357,7.40141,7.29094,7.12523,7.12523,7.12523,7.51188,6.84906,7.01477,7.89852,6.84906,7.01477,6.73859,7.78805,6.9043,7.12523,7.12523,7.12523
20.3263,18.7245,18.614,18.1721,17.3988,17.4541,16.5151,16.5703,15.9075,16.6255,16.2389,15.8523,15.797,15.6313,15.5209,15.8523,15.4656,15.5209,15.6313,15.6313,15.3552,15.5761,15.4656,15.8523,15.2999
单个夹臂电流均值 = 7.90956,11.6788,12.2289,11.597,13.0255,19.3099,8.18816,16.7252
单个夹臂电流面积 = 7.56711,11.1872,11.7185,11.133,12.0621,18.509,7.13186,15.7274
总电流均值 = 12.5829
总面积均值 = 11.8795
采样频率 = 48.5966
预估重量 = -1.6341吨
采样时长 = 0.514439
====================================
8.17469,7.56711,7.45664,8.06422,7.12523,7.01477,6.57289,6.73859,7.12523,6.73859,6.68336,6.62813,6.79383,6.62813,6.62813,6.62813,6.95953,6.46242,6.62813,6.62813,6.68336,6.68336,6.68336,6.68336,6.68336
11.5992,11.5992,11.2678,11.323,10.8812,11.2678,10.6602,10.6602,10.6602,10.605,10.4393,10.605,10.605,10.4945,10.605,10.5498,11.1573,10.5498,10.5498,11.2678,10.5498,10.605,10.6602,10.7155,10.7155
15.2447,14.3609,14.7476,14.0848,14.858,13.9191,13.3667,13.0905,13.0353,12.7039,12.5934,12.8144,12.6487,13.3667,12.5934,12.9801,13.3667,12.5934,12.0963,12.6487,13.1458,12.3725,12.5934,12.5934,12.8696
12.0963,12.0411,11.4335,11.4888,11.2678,11.7649,12.1516,12.0963,11.0469,10.9916,11.3783,10.9364,10.7707,10.8812,10.8812,10.6602,10.8812,10.9916,10.9916,10.8259,10.9916,10.9916,10.8812,10.8812,10.9916
13.8638,13.4772,13.4772,13.3115,13.3115,13.3115,13.0905,12.9248,14.2505,13.6429,13.8086,12.6487,12.8144,12.7039,12.5382,13.5324,12.3725,12.6487,12.7039,13.422,12.1516,13.1458,13.1458,12.8144,12.8696
15.9627,15.6866,14.9685,15.0238,14.5819,14.2505,13.8638,13.8638,13.6429,13.4772,13.3115,13.0905,13.4772,13.0905,13.4772,13.0353,13.422,13.422,13.4772,13.422,13.7534,13.9191,13.4772,13.5324,13.422
11.2678,11.1573,11.4335,10.2184,10.7155,10.2184,9.99742,9.50031,9.83172,9.99742,9.61078,9.55555,9.44508,9.83172,9.22414,9.50031,9.33461,9.33461,9.33461,9.22414,9.22414,9.55555,9.22414,9.50031,9.05844
21.21,21.1548,20.3263,19.553,19.4425,18.8902,18.2826,18.3378,18.1721,17.1227,17.675,17.4541,17.8959,17.4541,17.0674,17.2884,17.1227,17.2331,18.0616,17.4541,16.736,16.9017,17.5645,17.675,17.0674
单个夹臂电流均值 = 6.90651,10.8237,13.2275,11.2126,13.5493,13.866,10.343,18.5019
单个夹臂电流面积 = 6.60935,10.3774,12.6652,10.7508,12.5846,13.2783,9.40531,17.3602
总电流均值 = 12.3038
总面积均值 = 11.6289
采样频率 = 48.6116
预估重量 = -1.65464吨
采样时长 = 0.51428

