====================================
17.2884,16.9017,16.3494,15.9627,15.6866,15.6313,15.3552,15.2447,15.0238,15.3552,14.6923,15.3552,15.2447,14.6923,14.6371,14.5819,14.6371,14.5266,14.3609,14.5266,14.3609,14.4714,14.4162,14.4714,14.4714
23.0327,22.3147,22.3699,21.3757,20.8786,20.492,20.8786,20.3815,20.271,20.8234,19.9396,20.271,19.9948,19.9396,19.8291,20.271,19.7739,19.7739,19.8291,19.8291,19.8291,19.8291,19.8291,19.8291,19.7187
21.7623,21.8728,21.3205,20.3815,19.7187,19.7739,18.9454,19.332,18.7245,18.4483,18.7797,19.1111,17.1779,18.1169,18.2826,18.1169,18.0064,18.0616,18.0616,18.4483,18.5588,18.0616,18.2273,18.2273,18.1169
27.0096,26.2916,25.8497,25.684,25.684,25.1316,25.0212,24.4688,24.4136,24.6898,24.2479,24.6345,24.6345,24.3584,24.0822,24.2479,23.7508,24.745,24.2479,24.1927,24.1374,24.2479,24.2479,24.2479,24.2479
21.2652,20.6024,20.8786,20.4367,19.553,19.6634,19.2768,18.6692,19.1111,18.9454,18.7245,18.5035,19.0559,18.393,18.0616,18.614,17.8407,19.1111,19.1111,18.7797,19.2216,18.6692,19.2216,18.614,18.614
24.5793,24.1374,23.4746,22.8118,22.2042,22.149,21.8728,21.4862,21.1548,20.7681,20.6577,20.6577,19.9948,19.7739,20.0501,20.492,20.4367,20.6577,20.4367,20.3815,20.3815,20.492,20.3263,20.492,20.3815
22.3147,22.0385,21.4309,20.9891,20.7681,20.6024,20.271,19.9948,19.9948,19.8844,19.3873,19.0006,19.6082,19.4977,19.7187,19.8844,19.2216,19.2216,18.9454,19.4977,19.332,19.2216,19.0006,19.2216,19.3873
37.2832,37.007,36.1233,36.289,34.9634,34.8529,34.4663,34.4663,34.2453,33.6377,33.2511,33.472,33.1959,32.9197,32.4778,32.754,32.6987,32.6987,32.4226,32.4778,31.9807,32.2016,32.533,32.4778,31.8702
单个夹臂电流均值 = 15.1298,20.4522,18.9454,24.7406,20.1061,21.21,20.7498,34.4748
单个夹臂电流面积 = 14.4946,19.5972,18.1478,23.7154,18.3599,20.3108,19.1034,32.3276
总电流均值 = 21.9761
总面积均值 = 20.7571
采样频率 = 48.6667
预估重量 = -0.906708吨
采样时长 = 0.513698
====================================
21.6519,20.7681,20.9338,20.6577,20.5472,19.9396,19.6634,19.4977,19.3873,19.1111,19.1663,19.1663,18.393,18.8349,18.7797,19.1111,18.5588,18.6692,18.3378,18.393,18.4483,18.393,18.393,18.3378,18.4483
25.2421,24.4688,24.6345,23.5851,23.4194,22.5356,22.7013,22.7013,22.3147,22.0938,21.8176,22.3147,21.7071,21.6519,21.5414,21.4309,21.3205,21.4309,21.3757,21.4862,21.4309,21.4862,21.3757,21.3757,21.4309
22.6461,22.0938,21.5966,21.3205,20.8786,21.0995,20.0501,19.4977,20.3263,19.332,19.9396,19.553,19.2768,19.2216,18.614,18.6692,18.7245,18.5588,19.0006,18.8349,19.2216,18.7797,19.2768,19.3873,18.393
17.0674,17.2884,16.2941,16.4046,16.4046,15.9627,16.2941,16.2941,15.9075,15.9075,15.5209,15.7418,15.7418,15.7418,15.5209,15.4104,15.1895,15.6313,15.4656,15.4104,15.3552,15.4104,15.2447,15.1342,14.9685
26.9544,26.1811,25.5183,25.5183,24.6345,24.6898,24.5241,24.1927,23.9165,23.9165,23.806,23.6955,23.6403,24.1927,23.4194,23.5851,23.9165,23.5298,24.8002,24.5241,24.6898,23.9165,24.9107,24.8555,24.3031
30.2684,29.7713,29.3847,29.4399,29.2742,28.5562,28.28,27.7277,27.5067,27.0096,26.623,26.8439,26.5677,26.2363,26.4573,26.1259,25.5735,26.402,26.1259,25.8497,26.1811,26.1811,26.7887,26.1811,26.1811
15.797,15.9627,16.0732,15.797,15.4656,15.2999,14.5266,14.9133,14.9133,15.2999,13.8638,13.8638,14.0295,13.9191,13.8638,13.9191,14.3057,13.422,14.2505,13.8638,13.7534,13.7534,13.7534,13.7534,13.6429
30.3237,28.8876,28.3352,27.5067,26.623,26.3468,25.9602,25.463,25.2421,25.0212,24.4688,24.2479,24.8002,23.5298,24.1927,24.3584,24.0822,23.7508,23.7508,23.5851,23.5851,23.2537,23.2537,23.1432,23.3641
单个夹臂电流均值 = 19.2635,22.2749,19.7717,15.8125,25.0801,27.2615,15.5255,25.6387
单个夹臂电流面积 = 18.4615,21.3415,18.9509,15.1718,23.4481,26.1325,13.8914,24.0093
总电流均值 = 21.3286
总面积均值 = 20.1759
采样频率 = 48.8826
预估重量 = -0.954329吨
采样时长 = 0.51143
====================================
20.9891,20.1053,19.8844,19.7187,18.6692,18.8349,18.5035,18.393,18.3378,18.1721,17.4541,18.0064,17.5645,17.9512,17.3988,17.6198,17.5093,17.8407,17.4541,17.6198,17.5093,17.5093,17.5093,17.3988,17.5093
20.0501,18.2826,18.5588,17.5645,16.7913,16.8465,17.0674,16.736,17.2884,16.1837,17.1779,16.6808,16.5703,16.5151,16.6808,16.4046,16.5703,16.4046,17.0674,16.5151,16.5703,16.4598,16.6808,16.3494,17.0674
22.9775,22.4804,21.928,21.8728,21.21,21.0443,20.0501,20.492,19.8291,19.7187,19.7187,20.3815,19.553,19.7739,19.3873,19.3873,19.2768,19.332,19.4425,18.7797,19.553,19.3873,19.553,18.9454,19.4425
22.4252,21.3757,21.21,20.7129,20.9338,19.6082,19.7187,19.3873,19.8291,20.1053,19.2768,19.4977,19.3873,19.6082,19.6082,19.4977,19.4977,19.4977,19.3873,19.4425,19.4977,19.4977,19.6082,19.3873,19.7187
20.7681,19.6634,19.2768,18.7797,18.614,18.5035,18.1169,18.2826,17.8407,17.8407,17.6198,17.4541,17.3988,17.8407,17.7855,18.1721,17.3436,17.1227,16.957,16.7913,17.8407,18.3378,18.3378,18.0616,17.0122
23.5851,23.088,22.9223,22.4804,21.5966,21.5414,21.3757,21.0995,20.8786,20.492,20.271,20.0501,19.6634,20.3815,19.6634,19.8844,19.8844,19.8291,19.6634,19.8844,19.8291,19.8844,19.6634,19.8844,19.7187
23.9165,22.7566,21.928,21.7623,21.7071,21.2652,20.6024,20.5472,21.1548,20.1605,20.3815,20.3815,20.0501,20.271,20.1053,19.6082,20.4367,19.4977,19.9948,20.1605,21.0443,19.9948,19.9948,19.7739,19.8844
36.0128,35.0738,34.4663,34.3005,34.1348,33.5273,32.8645,32.5883,32.4778,31.9255,31.9807,32.4226,31.7045,31.2074,31.5941,30.8208,31.097,30.9865,30.4894,30.876,31.2074,30.7655,30.4894,30.4894,30.5998
单个夹臂电流均值 = 18.2185,17.0033,20.1407,19.9087,18.8331,20.6886,21.4881,32.9568
单个夹臂电流面积 = 17.4485,16.261,19.2923,19.0658,17.3149,19.8225,19.8192,30.8318
总电流均值 = 21.1547
总面积均值 = 19.982
采样频率 = 48.8176
预估重量 = -0.970215吨
采样时长 = 0.51211
====================================
22.3147,21.5966,21.3205,20.6577,20.6577,20.3263,20.1605,19.6634,20.1053,19.8291,19.4977,19.6634,19.1111,19.2216,18.5035,19.0006,18.9454,19.2216,19.1111,19.0006,19.1111,18.8349,18.9454,18.8902,18.8902
23.9717,23.0327,22.5356,21.6519,21.4309,21.7071,20.9338,20.3815,20.2158,21.0443,20.7129,19.9948,20.3263,20.271,20.1053,19.8291,20.1605,20.1605,20.2158,20.271,20.2158,20.1605,20.2158,20.271,20.271
23.8612,22.0938,21.928,21.7623,21.3205,20.6577,20.6024,19.8844,19.8844,19.8844,19.8844,19.7187,20.3815,19.6634,18.7797,19.8291,19.3873,19.6082,19.2768,19.1111,19.6634,19.6634,18.9454,19.8844,18.3378
18.1169,17.4541,17.5093,16.9017,16.6808,16.4046,16.5151,16.2941,16.4046,16.2941,16.1284,16.7913,16.2389,16.2389,16.1284,15.8523,15.8523,15.8523,15.8523,15.3552,15.797,15.7418,16.2941,15.5209,15.3552
26.8439,25.684,26.2916,25.0212,24.6898,24.3031,23.5851,23.9717,23.6403,23.6403,23.3089,23.6403,22.9775,23.1432,23.806,23.3641,23.0327,22.7566,23.1432,22.7566,23.2537,23.3641,23.2537,23.7508,23.5298
30.0475,29.7161,29.4952,28.8876,28.7219,28.1143,27.8934,27.5067,27.3962,27.1201,26.7887,26.8439,26.5677,26.4573,26.2363,26.4573,26.5125,25.5183,26.2916,25.6287,26.2363,26.1259,26.0154,26.0706,26.1259
16.0732,15.5209,15.1895,14.6371,14.5266,14.14,14.3057,14.5266,13.6429,14.2505,13.2563,13.4772,13.4772,13.2563,13.2563,13.8638,13.2563,13.201,13.1458,13.2563,12.8696,13.7534,13.7534,13.2563,13.2563
34.2453,33.5273,32.9197,32.3673,31.9255,31.3179,31.4284,30.3789,30.2684,30.0475,29.6056,29.6609,28.6114,29.4952,28.5562,28.7219,28.5562,28.6666,28.6666,28.6666,28.4457,28.1143,28.28,28.1143,28.5562
单个夹臂电流均值 = 19.7032,20.8035,20.1605,16.303,24.4954,27.151,14.927,30.4977
单个夹臂电流面积 = 18.8791,19.9186,19.3166,15.6335,22.8626,26.0275,13.2993,28.7097
总电流均值 = 21.7552
总面积均值 = 20.5809
采样频率 = 48.6198
预估重量 = -0.921145吨
采样时长 = 0.514194
====================================
19.4977,19.0559,18.9454,18.2826,17.7302,18.393,17.6198,17.5093,16.957,17.1227,17.0122,16.6808,16.9017,16.736,16.9017,16.6808,16.7913,16.6808,16.6808,16.4598,16.2389,16.736,16.4598,16.4598,16.6808
19.1111,18.4483,18.0064,17.7855,18.0616,16.957,16.957,16.8465,16.8465,16.7913,16.7913,16.5703,17.0122,16.5703,16.6808,16.5703,17.0122,16.6808,16.5703,16.6808,16.6808,16.7913,17.2331,16.736,16.5703
24.745,24.0822,24.6898,23.4194,23.1984,22.4252,22.149,21.7623,21.5414,20.6577,22.149,21.4309,20.9338,21.1548,21.0443,20.9338,21.4862,20.8786,21.0443,20.6024,20.6024,20.7681,20.271,20.3263,20.1605
21.1548,20.5472,20.3263,19.9396,19.6082,19.4977,18.9454,19.0559,19.0559,19.0006,18.9454,18.8349,18.614,18.2273,18.9454,18.8349,18.6692,18.6692,18.7797,18.9454,18.8349,18.7245,18.8902,18.8349,18.9454
21.0443,19.6634,19.4425,18.7245,18.5035,18.3378,18.2273,18.3378,17.5645,17.7302,17.5645,17.4541,17.3988,17.6198,17.3436,16.957,17.675,17.0674,17.4541,17.675,17.8959,17.4541,17.1779,17.6198,17.1779
23.7508,23.3089,22.4804,22.2042,21.5966,21.5966,21.2652,20.9338,21.3757,20.6577,20.4367,20.1053,19.8844,20.492,20.2158,20.0501,20.9338,20.2158,19.9396,20.0501,20.0501,20.1605,19.8291,19.9948,20.1053
21.5414,21.0443,20.492,20.1053,19.8291,19.7187,20.0501,19.8291,19.4977,19.2216,19.8291,19.332,19.0006,19.1111,19.0006,18.7245,18.7245,19.3873,18.614,19.0006,18.8349,18.7245,19.0006,18.9454,18.8349
40.9839,40.8182,40.3211,40.0449,39.8792,39.6583,39.3821,39.824,39.0507,39.3269,38.4984,38.3879,38.0565,38.0565,37.8908,38.167,37.7803,37.7251,38.3879,37.3384,37.6146,38.3327,37.228,37.8908,38.0565
单个夹臂电流均值 = 17.2486,17.0785,21.6983,19.1531,18.6985,20.8653,20.2553,39.4939
单个夹臂电流面积 = 16.525,16.3648,20.8002,18.3511,17.2,19.9882,18.6482,37.1672
总电流均值 = 21.8114
总面积均值 = 20.6306
采样频率 = 48.686
预估重量 = -0.917072吨
采样时长 = 0.513495
====================================
23.088,22.4804,22.0938,21.7071,21.1548,21.5414,20.9891,20.6577,20.3815,20.271,20.1053,19.9396,20.0501,19.332,19.2216,19.6082,19.1663,19.3873,19.332,19.1111,19.332,19.3873,19.2768,20.0501
23.1984,22.3147,21.9833,21.3205,21.3205,20.8786,21.0443,20.2158,20.3263,20.1053,20.0501,20.4367,19.8291,20.2158,19.8844,19.7739,19.7187,19.8291,19.7187,19.553,19.7739,19.7187,19.7187,19.7187
23.4746,23.0327,22.3699,21.7623,22.2595,21.3205,21.0995,21.1548,20.7681,20.3815,21.3757,19.9396,20.1605,20.2158,19.8844,19.7187,19.7187,19.553,19.8844,20.1605,20.1605,19.3873,19.3873,19.9396
18.0064,17.6198,17.9512,17.2884,16.5703,16.9017,16.7913,16.5703,16.6255,16.5151,16.5151,16.4046,16.5151,16.2941,16.2941,16.2941,16.2389,16.4046,16.018,16.2389,15.7418,16.2941,16.2389,16.5151
25.684,25.1316,24.0822,24.0822,23.5298,23.1984,23.5298,22.6461,22.867,22.7013,22.5356,22.2042,22.0385,22.867,22.7013,22.5356,21.9833,22.7013,23.0327,22.9775,22.3147,23.0327,23.1432,22.9775
30.5998,30.1027,30.3237,28.8323,28.5009,28.7771,28.3352,28.28,28.0591,27.7277,27.5067,27.1753,27.0096,26.8439,26.5125,26.8439,26.8991,26.402,26.7887,26.5677,26.6782,26.5677,26.7334,25.9049
16.957,16.5703,17.2331,15.6866,15.079,15.4656,15.1895,15.5761,15.1895,15.079,15.0238,14.9133,14.6923,14.5819,15.2999,14.9133,14.5266,14.5266,14.9133,14.5266,14.5266,14.5266,14.6923,14.4162
32.754,32.5883,32.2569,31.5388,32.0912,30.9312,30.1027,30.158,29.7161,29.3847,29.3847,28.28,28.7771,28.6666,29.2742,28.3905,28.3352,29.1637,28.0038,28.1143,28.0038,27.7277,27.8934,27.6724
单个夹臂电流均值 = 20.3193,20.4436,20.7129,16.6186,23.7666,27.6655,16.2747,30.1553
单个夹臂电流面积 = 19.4206,19.5495,19.8084,15.8994,22.0903,26.4883,14.5174,28.2915
总电流均值 = 21.9946
总面积均值 = 20.7582
采样频率 = 48.5119
预估重量 = -0.906616吨
采样时长 = 0.494724
====================================
22.9775,22.149,22.0385,21.21,21.7071,21.4862,21.3205,21.21,20.9338,20.8234,20.9338,20.1605,20.6577,20.4367,20.5472,20.492,20.4367,20.2158,20.3263,20.271,20.3263,20.3263,20.1605,20.3263,20.3263
23.2537,22.7566,21.7071,21.5966,20.8234,20.4367,19.9396,19.9396,19.8291,19.9396,19.553,20.1053,19.3873,19.6082,19.553,19.553,19.1663,19.4977,19.4977,19.4425,19.4977,19.553,19.4977,19.4977,19.4425
22.867,21.928,20.7129,20.3815,20.1605,19.7187,19.1111,18.8349,18.2826,18.2273,17.8959,17.6198,18.4483,18.2826,18.2273,18.393,17.2884,18.1169,17.3988,17.7302,17.5645,17.6198,17.6198,17.5645,18.1721
21.21,20.3263,20.1053,19.9396,19.2768,19.2216,18.614,18.5588,18.2826,18.1721,18.9454,18.1169,18.8349,18.1169,18.1169,18.1721,18.0064,18.1169,17.9512,18.1721,18.393,17.9512,18.2273,17.9512,18.1169
22.149,20.7129,20.3263,19.9396,19.8844,19.4977,19.553,19.2768,19.4977,19.2768,19.6634,19.9396,19.6082,19.1111,19.7739,18.8349,18.8902,18.8349,18.6692,18.7797,18.9454,19.8844,18.7245,18.4483,19.1663
29.6609,29.2742,28.6114,28.3905,27.7829,28.1143,27.2305,26.7887,26.5677,26.2363,25.8497,26.2363,25.463,25.1869,25.2421,24.9659,24.6898,24.9107,25.2421,25.1869,24.8002,25.1869,25.2421,24.9107,24.6898
23.088,22.3147,21.928,20.6577,20.6024,20.271,20.9338,19.9948,20.2158,19.4977,19.6082,19.3873,19.3873,19.2216,19.1111,19.1111,19.0006,19.7187,18.614,19.6082,19.0006,18.9454,19.0006,19.1111,19.0006
31.3731,31.3731,30.2132,29.6056,28.7771,28.3905,28.0591,27.9486,26.9544,27.0648,26.4573,26.402,26.1811,26.1811,26.7334,25.9602,26.0154,25.9602,25.7392,26.5125,25.7392,25.8497,25.7945,25.7392,25.463
单个夹臂电流均值 = 20.872,20.123,18.7267,18.6758,20.2111,26.2584,20.9001,27.9816
单个夹臂电流面积 = 20.0059,19.2691,17.9059,17.8893,18.6692,25.1714,19.0514,26.0828
总电流均值 = 21.7186
总面积均值 = 20.5056
采样频率 = 48.6116
预估重量 = -0.927311吨
采样时长 = 0.51428
====================================
24.6898,24.6898,23.3089,23.088,22.5909,22.149,22.6461,21.7623,21.4309,21.21,20.9891,20.9338,20.7681,20.7129,20.7129,20.7129,20.5472,20.4367,20.4367,20.3263,20.3815,20.1053,20.3263,20.271,20.6577
23.3089,22.5909,21.928,21.6519,21.21,20.6024,20.7681,20.6577,20.6577,20.2158,19.9396,20.2158,20.2158,19.7187,20.2158,20.2158,20.0501,20.1053,20.0501,20.1605,20.1053,20.1053,20.0501,20.0501,20.1605
24.027,23.9717,24.027,23.1432,22.3699,21.928,22.867,21.2652,21.0995,20.8786,21.0995,20.7681,20.8786,20.9338,19.8291,20.492,20.7681,20.6577,19.9948,19.9396,20.1605,19.9396,20.9338,20.1605,19.7187
16.1284,15.5209,15.0238,15.1895,15.079,14.858,14.9685,14.858,14.6923,14.6371,14.3057,14.5819,14.4714,14.3609,14.1952,14.2505,14.0848,14.0848,14.3609,13.4772,13.5324,13.3667,13.201,13.9191,13.1458
25.7945,24.745,23.8612,23.5298,23.5851,22.9223,22.867,23.1432,22.6461,22.4804,22.3699,22.3147,22.3699,22.7013,21.8728,22.6461,22.8118,22.7013,23.0327,23.4194,23.6403,23.1432,23.5298,22.8118,23.3641
36.3442,36.7861,36.6204,36.7861,36.5652,36.7861,36.7861,36.7861,36.5652,36.7861,36.4547,36.3442,37.007,36.3442,37.0623,36.6204,36.5652,36.3442,36.6756,36.4547,36.5652,36.6204,36.6756,36.6204,36.6756
16.0732,15.6866,14.9133,15.1895,14.9133,14.5266,14.5819,14.3609,14.3057,14.5819,13.7534,13.7534,14.0295,13.9191,13.8638,14.0295,14.3057,13.9191,13.4772,13.3667,13.7534,13.7534,13.3667,13.9191,13.7534
32.6435,31.7045,31.8702,30.7103,30.2132,29.5504,29.1637,28.9428,28.6114,28.3352,27.9486,27.7829,28.1695,27.562,27.2858,27.341,27.1753,27.1201,26.9544,26.6782,26.5125,26.7887,26.5125,26.7334,26.3468
单个夹臂电流均值 = 21.4354,20.598,21.2741,14.4118,23.6852,36.6336,15.6508,28.8922
单个夹臂电流面积 = 20.5284,19.7286,20.3992,13.8263,22.149,35.1733,13.6473,27.1665
总电流均值 = 22.8226
总面积均值 = 21.5773
采样频率 = 48.6309
预估重量 = -0.839501吨
采样时长 = 0.514076

